[[0.0348627,0.00429959,2.05136e-05,0.490114,0.00873716,0.0866567,0.00127169,0.0753188,0.0152742,0.000422465,0.0053296,0.277644,1.6251e-05,1.6251e-05,1.6251e-05,][0.0298272,0.00361353,1.63134e-05,0.470073,0.0094208,0.0812345,0.00122907,0.0701395,0.0156863,0.000444469,0.00515198,0.313114,1.64549e-05,1.64549e-05,1.64549e-05,][0.0318756,0.00379821,1.69458e-05,0.466343,0.0103811,0.0622348,0.000972652,0.070553,0.0179261,0.000526283,0.00596777,0.329351,1.78287e-05,1.78287e-05,1.78287e-05,][0.0288125,0.00353964,1.66615e-05,0.468882,0.011226,0.0691141,0.00118292,0.0650383,0.0181086,0.000437991,0.00575472,0.327832,1.79951e-05,1.79951e-05,1.79951e-05,][0.026741,0.00363707,1.58945e-05,0.527247,0.0108589,0.0503485,0.000795106,0.073448,0.0181385,0.000571494,0.00679161,0.281351,1.869e-05,1.869e-05,1.869e-05,][0.02582,0.00381741,1.67961e-05,0.566965,0.0104412,0.0415923,0.00064144,0.0781306,0.0181633,0.000620948,0.00732773,0.246407,1.87951e-05,1.87951e-05,1.87951e-05,][0.0254818,0.0045495,1.87237e-05,0.606584,0.00926501,0.0328748,0.00047959,0.0838069,0.0177665,0.000712789,0.00808216,0.210321,1.89221e-05,1.89221e-05,1.89221e-05,][0.0236699,0.00516926,1.65522e-05,0.661184,0.00659438,0.0212935,0.000242677,0.099067,0.0147414,0.0010675,0.00876696,0.158132,1.82693e-05,1.82693e-05,1.82693e-05,][0.0297401,0.00784644,1.67378e-05,0.644818,0.00352275,0.0231493,0.000173579,0.149915,0.0100809,0.00246643,0.0105929,0.117614,2.16523e-05,2.16523e-05,2.16523e-05,][0.0574007,0.0241526,3.3301e-05,0.311792,0.000569702,0.120805,0.000393644,0.391511,0.00555349,0.0155537,0.0141667,0.0579515,3.87346e-05,3.87346e-05,3.87346e-05,][0.0194866,0.0118672,1.0518e-05,0.728435,0.000413533,0.00104942,2.41122e-06,0.191452,0.00157277,0.0176053,0.0100173,0.0180489,1.3146e-05,1.3146e-05,1.3146e-05,][0.183241,0.0980737,0.000106863,0.1671,0.00024909,0.0647648,0.000198012,0.387035,0.00433719,0.0320149,0.0149338,0.0478123,4.4198e-05,4.4198e-05,4.4198e-05,][0.458565,0.194138,0.000764192,0.201556,0.00144822,0.0117177,0.000126246,0.0684454,0.0041615,0.00225057,0.0077876,0.0489646,2.48999e-05,2.48999e-05,2.48999e-05,][0.620277,0.205508,0.00158305,0.095958,0.00241805,0.00734643,0.000198002,0.0174153,0.00395907,0.000259482,0.00445994,0.0405792,1.26654e-05,1.26654e-05,1.26654e-05,][0.617699,0.183016,0.00154251,0.087988,0.00398917,0.00979084,0.000307283,0.0281678,0.0108604,0.000267659,0.0175714,0.0387615,1.28673e-05,1.28673e-05,1.28673e-05,][0.497396,0.243867,0.00157351,0.0846469,0.00278131,0.0049047,0.00016202,0.0298299,0.019324,0.000350116,0.0964177,0.0187136,1.08956e-05,1.08956e-05,1.08956e-05,][0.378903,0.109116,0.000975737,0.127831,0.00863245,0.0343168,0.00122759,0.0594316,0.0597369,0.000332044,0.120978,0.0984642,1.8467e-05,1.8467e-05,1.8467e-05,][0.352414,0.103321,0.000848358,0.155618,0.00946083,0.0410114,0.00129585,0.0686234,0.055227,0.000375986,0.10225,0.109494,1.98941e-05,1.98941e-05,1.98941e-05,][0.325354,0.0890747,0.000714271,0.179931,0.0101242,0.0448999,0.0013531,0.0753432,0.056633,0.000399815,0.0977598,0.118352,2.05652e-05,2.05652e-05,2.05652e-05,][0.277846,0.0751752,0.000594966,0.207953,0.0110738,0.0486213,0.001444,0.0810596,0.0625981,0.000416766,0.107521,0.125633,2.09797e-05,2.09797e-05,2.09797e-05,][0.267934,0.0727451,0.000572372,0.214895,0.0110248,0.0496302,0.00146046,0.0838012,0.0640469,0.000418861,0.106735,0.126673,2.10395e-05,2.10395e-05,2.10395e-05,][0.266403,0.0726933,0.000579543,0.20723,0.011115,0.0519884,0.00156843,0.0835758,0.0662999,0.000403654,0.106764,0.131316,2.10906e-05,2.10906e-05,2.10906e-05,][0.287283,0.0792219,0.000657393,0.191456,0.0108471,0.0489218,0.0015314,0.0795827,0.0652995,0.000387657,0.107432,0.127317,2.07664e-05,2.07664e-05,2.07664e-05,][0.331092,0.0925536,0.00083595,0.164039,0.00986869,0.0441955,0.00144623,0.0702622,0.0628123,0.000339649,0.107128,0.115367,1.97263e-05,1.97263e-05,1.97263e-05,][0.409999,0.121134,0.00122548,0.12128,0.00805805,0.0336779,0.00119892,0.0560291,0.0537543,0.000287262,0.101668,0.0916343,1.765e-05,1.765e-05,1.765e-05,][0.479002,0.159391,0.00191045,0.0923457,0.00595037,0.0239292,0.000963998,0.0398498,0.0435012,0.000208481,0.0906597,0.0622442,1.45763e-05,1.45763e-05,1.45763e-05,][0.544469,0.186417,0.00253697,0.076478,0.00384622,0.0155821,0.000665699,0.0256482,0.0315043,0.000133658,0.0756736,0.0370127,1.09512e-05,1.09512e-05,1.09512e-05,][0.567502,0.246286,0.00320622,0.0570336,0.00249743,0.00914979,0.000439941,0.0150126,0.0210801,8.01029e-05,0.0574764,0.0202123,7.74555e-06,7.74555e-06,7.74555e-06,][0.626635,0.171128,0.00272161,0.0757501,0.00356849,0.0158982,0.000655373,0.0214454,0.0187774,0.000102466,0.0304725,0.0328158,9.83536e-06,9.83536e-06,9.83536e-06,][0.611969,0.153267,0.00255333,0.0804758,0.00563617,0.0216227,0.00101304,0.0222788,0.019641,0.000143372,0.0210788,0.060281,1.32768e-05,1.32768e-05,1.32768e-05,][0.621591,0.125829,0.0022023,0.0717267,0.00773321,0.0255873,0.00142834,0.0190569,0.0201935,0.000158314,0.0163048,0.0881408,1.59657e-05,1.59657e-05,1.59657e-05,][0.612133,0.122661,0.00186155,0.0679649,0.00826788,0.0247099,0.00139434,0.0185703,0.0198147,0.000204363,0.0169312,0.105432,1.84045e-05,1.84045e-05,1.84045e-05,][0.365003,0.0527994,0.0171377,0.0415755,0.153111,0.0170309,0.0211043,0.00294778,0.166764,1.10012e-05,0.0465741,0.115765,5.88878e-05,5.88878e-05,5.88878e-05,][0.00788518,0.000806881,0.0345334,0.000564124,0.673879,0.000208507,0.038383,5.5541e-06,0.227879,3.61925e-09,0.011521,0.00429023,1.47039e-05,1.47039e-05,1.47039e-05,][0.00112455,7.76014e-05,0.00586596,0.000409115,0.873507,7.64159e-05,0.0202528,1.74055e-06,0.0927318,8.6279e-10,0.00364627,0.00228277,8.06273e-06,8.06273e-06,8.06273e-06,][0.000544552,3.36893e-05,0.00176616,0.00056313,0.874077,0.000117219,0.0220245,2.30597e-06,0.0942639,1.34187e-09,0.00337369,0.0032056,9.32424e-06,9.32424e-06,9.32424e-06,][0.000561942,3.53883e-05,0.00137438,0.000821046,0.877943,0.000123969,0.0186355,3.40291e-06,0.0920017,2.93623e-09,0.00447763,0.00398556,1.2257e-05,1.2257e-05,1.2257e-05,][0.000606322,3.67116e-05,0.00134113,0.00108584,0.878902,0.000112548,0.0146217,4.44561e-06,0.093734,4.4732e-09,0.00533397,0.00417936,1.40148e-05,1.40148e-05,1.40148e-05,][0.000629817,4.25449e-05,0.0013236,0.0014971,0.876551,9.24256e-05,0.0100177,6.0903e-06,0.0987989,7.46031e-09,0.00697202,0.00402029,1.61463e-05,1.61463e-05,1.61463e-05,][0.000633176,4.34822e-05,0.00145335,0.00130038,0.875311,0.000109133,0.0132089,5.25858e-06,0.0975208,5.94416e-09,0.0063197,0.00404811,1.54696e-05,1.54696e-05,1.54696e-05,][0.000729941,4.76945e-05,0.00187545,0.00117684,0.872517,0.000107815,0.01499,4.701e-06,0.0989577,4.87515e-09,0.00619698,0.00335197,1.46609e-05,1.46609e-05,1.46609e-05,][0.000977683,6.59441e-05,0.00312669,0.00107002,0.881356,8.5813e-05,0.0135402,3.89666e-06,0.0910609,4.07945e-09,0.00633358,0.00233795,1.36824e-05,1.36824e-05,1.36824e-05,][0.0267595,0.0149019,0.945043,6.19035e-06,0.00208408,2.27893e-05,0.00282001,6.18452e-07,0.00339294,1.91281e-08,0.00488403,5.51389e-05,1.00781e-05,1.00781e-05,1.00781e-05,][0.0232192,0.00959201,0.897313,4.67293e-05,0.028634,1.41681e-05,0.00240886,1.79184e-06,0.024729,1.20568e-08,0.013809,0.000186185,1.54971e-05,1.54971e-05,1.54971e-05,][0.0153965,0.00210958,0.209253,0.000273719,0.567623,7.41571e-05,0.0265772,2.39732e-06,0.156996,3.5747e-09,0.0201578,0.00146835,2.29542e-05,2.29542e-05,2.29542e-05,][0.025115,0.00522522,0.786288,4.83701e-05,0.087509,8.1341e-05,0.0254507,1.29567e-06,0.0567956,3.48084e-09,0.0127477,0.000681887,1.85111e-05,1.85111e-05,1.85111e-05,][0.0229647,0.00530369,0.843597,4.05223e-05,0.0550877,5.58436e-05,0.0154992,1.45202e-06,0.0462883,3.00004e-09,0.0108893,0.00022943,1.41625e-05,1.41625e-05,1.41625e-05,][0.0198237,0.00585506,0.845706,4.38456e-05,0.0571493,4.10849e-05,0.0113783,1.53761e-06,0.0482385,3.198e-09,0.0115019,0.000218617,1.38911e-05,1.38911e-05,1.38911e-05,][0.0204359,0.00682679,0.835808,6.45247e-05,0.0632004,5.21411e-05,0.0125398,1.97675e-06,0.0469882,5.47056e-09,0.0137325,0.000295089,1.81981e-05,1.81981e-05,1.81981e-05,][0.033601,0.00584309,0.641965,0.000188968,0.117086,0.000405558,0.071235,6.57852e-06,0.0996522,2.26077e-08,0.0288881,0.000970157,5.27354e-05,5.27354e-05,5.27354e-05,][0.0113917,0.00122265,0.0546334,0.00161356,0.428665,0.00234651,0.201553,3.79339e-05,0.258845,1.21393e-07,0.0327827,0.00648294,0.000142096,0.000142096,0.000142096,][0.00435261,0.000427098,0.00960384,0.00215766,0.443141,0.0040547,0.221364,6.5223e-05,0.269812,2.20537e-07,0.0275667,0.0169643,0.000163558,0.000163558,0.000163558,][0.0842587,0.0729668,0.637841,0.000284672,0.00805614,0.000547778,0.00733834,0.000176449,0.0433532,2.20878e-05,0.143095,0.000991861,0.00035582,0.00035582,0.00035582,][0.0720428,0.0957695,0.661262,4.42391e-05,0.00164328,0.00759676,0.0916263,0.000133731,0.023852,1.05326e-05,0.0443936,0.000717768,0.00030256,0.00030256,0.00030256,][0.00294636,0.000367687,0.00333501,0.00800959,0.504908,0.00115172,0.0294521,0.00014807,0.39494,5.27815e-07,0.0348492,0.0195453,0.000115346,0.000115346,0.000115346,][0.120228,0.0939152,0.287466,0.000712592,0.0312445,0.00116071,0.0126724,0.000411414,0.104521,1.88091e-05,0.344734,0.00201552,0.000299646,0.000299646,0.000299646,][0.0977178,0.0568025,0.200688,0.00116861,0.076701,0.000832009,0.012874,0.000309292,0.173674,8.76587e-06,0.37545,0.00301502,0.000252987,0.000252987,0.000252987,][0.0901584,0.0427455,0.198079,0.0012231,0.123358,0.000685193,0.0138508,0.000223594,0.19785,4.57776e-06,0.327757,0.00342921,0.000211805,0.000211805,0.000211805,][0.0916369,0.0408471,0.227176,0.000966396,0.141662,0.000564644,0.014366,0.000158138,0.206092,2.60786e-06,0.272411,0.0035842,0.000177496,0.000177496,0.000177496,][0.0934997,0.0506791,0.269963,0.000917016,0.0946433,0.000704827,0.018868,0.000130025,0.182502,3.19617e-06,0.283715,0.00380727,0.000189016,0.000189016,0.000189016,][0.0547668,0.0262442,0.119633,0.00167212,0.174178,0.000568588,0.0116375,0.000243353,0.272642,4.07951e-06,0.333014,0.00480395,0.000197245,0.000197245,0.000197245,][0.100978,0.0785088,0.2758,0.000631134,0.0341767,0.00181242,0.0273307,0.000255683,0.143392,1.33801e-05,0.333013,0.00323302,0.000285337,0.000285337,0.000285337,][0.0036072,0.000686162,0.0081249,0.00533371,0.595017,0.00069814,0.0207535,0.000124045,0.324473,1.95621e-07,0.0331758,0.00775772,8.27349e-05,8.27349e-05,8.27349e-05,][0.00164123,0.000196469,0.00185,0.00590172,0.698388,0.000575303,0.0171486,0.000100295,0.242924,2.31498e-07,0.019615,0.0114245,7.82745e-05,7.82745e-05,7.82745e-05,][0.087301,0.0909527,0.713416,4.38255e-05,0.00110926,0.00376955,0.03503,0.000153014,0.0167117,1.79087e-05,0.0499878,0.000619267,0.000295934,0.000295934,0.000295934,][0.00509951,0.000424226,0.00813778,0.00389459,0.549422,0.00293116,0.114249,9.56799e-05,0.263533,3.52129e-07,0.0327295,0.0189221,0.000187323,0.000187323,0.000187323,][0.057137,0.0215161,0.293079,0.00267071,0.167909,0.00079674,0.0231019,0.000189644,0.223368,4.27625e-06,0.203993,0.00496248,0.000423977,0.000423977,0.000423977,][0.0598246,0.0243882,0.428601,0.000551164,0.0720017,0.002035,0.0871038,8.77416e-05,0.190001,1.61576e-06,0.130977,0.00355645,0.000290146,0.000290146,0.000290146,][0.0806315,0.0248633,0.631299,0.00050536,0.0752022,0.000271247,0.013213,3.92904e-05,0.0858587,8.79776e-07,0.0856761,0.00192408,0.00017197,0.00017197,0.00017197,][0.0438537,0.00992271,0.363235,0.00093772,0.300685,0.000315201,0.0288185,2.88973e-05,0.180336,1.88209e-07,0.0678089,0.00364826,0.000136547,0.000136547,0.000136547,][0.0371506,0.022962,0.549038,0.00116461,0.175485,4.16458e-05,0.00243063,3.65393e-05,0.107445,5.57202e-07,0.102634,0.00125645,0.000118088,0.000118088,0.000118088,][0.0381801,0.0259585,0.517144,0.00118182,0.177935,2.91261e-05,0.00154262,4.68426e-05,0.114229,7.38476e-07,0.122024,0.00135348,0.000124762,0.000124762,0.000124762,][0.0431083,0.0225275,0.496008,0.00134473,0.184363,3.25465e-05,0.00162871,5.37049e-05,0.116614,8.30517e-07,0.132509,0.00140697,0.00013429,0.00013429,0.00013429,][0.0172894,0.0026325,0.115055,0.000956981,0.379334,0.00193635,0.200824,2.55482e-05,0.235339,9.89461e-08,0.0400314,0.00617016,0.000135378,0.000135378,0.000135378,][0.0102786,0.00139498,0.0627647,0.0014863,0.571854,0.000916846,0.0973161,2.12403e-05,0.21369,7.27774e-08,0.0339879,0.00597643,0.000104161,0.000104161,0.000104161,][0.00739989,0.000925582,0.0464035,0.00158358,0.662833,0.000391485,0.0472123,1.59836e-05,0.200449,4.51728e-08,0.0273553,0.00520495,7.4949e-05,7.4949e-05,7.4949e-05,][0.00673899,0.000993719,0.0501172,0.00169775,0.685199,0.000183468,0.0224538,1.66598e-05,0.19984,4.10413e-08,0.0283765,0.00418754,6.51963e-05,6.51963e-05,6.51963e-05,][0.0111269,0.00215997,0.0970035,0.00169404,0.615056,0.000119302,0.0133686,2.11573e-05,0.21311,6.69374e-08,0.0423765,0.00372703,7.88842e-05,7.88842e-05,7.88842e-05,][0.0217824,0.00600458,0.246544,0.00140867,0.451982,9.58255e-05,0.00989311,2.62594e-05,0.195206,1.21982e-07,0.0640222,0.00273813,9.91413e-05,9.91413e-05,9.91413e-05,][0.0410324,0.0117432,0.380003,0.000361237,0.108778,0.00144858,0.103786,5.53447e-05,0.25812,3.90526e-07,0.0904026,0.00369206,0.000192286,0.000192286,0.000192286,][0.0375763,0.0122705,0.274803,0.00178366,0.301835,0.000221974,0.0114703,7.8519e-05,0.204357,1.03928e-06,0.15003,0.00489195,0.000227105,0.000227105,0.000227105,][0.00825965,0.00114483,0.0342066,0.00234883,0.504467,0.00136081,0.0948095,4.91597e-05,0.293978,1.8456e-07,0.0489974,0.00991508,0.000154058,0.000154058,0.000154058,][0.00766392,0.000876362,0.0341764,0.00194891,0.534025,0.0010161,0.0901983,3.29301e-05,0.286089,9.28832e-08,0.0355236,0.0081031,0.000115282,0.000115282,0.000115282,][0.0582875,0.0330822,0.645489,0.000637071,0.0674065,4.92223e-05,0.00208724,4.5531e-05,0.0694873,1.1456e-06,0.122098,0.000926462,0.000134081,0.000134081,0.000134081,][0.0551278,0.0338441,0.642155,0.000405632,0.0516738,0.000153551,0.00686559,5.6012e-05,0.0911863,1.16223e-06,0.1169,0.00115648,0.000158168,0.000158168,0.000158168,][0.045388,0.0313483,0.613835,0.000663295,0.0821666,8.46667e-05,0.0040593,4.95455e-05,0.0931776,1.07608e-06,0.127607,0.00117721,0.000147328,0.000147328,0.000147328,][0.026218,0.00768576,0.150536,0.00299503,0.435757,0.000473023,0.0214541,0.000108236,0.237384,1.08895e-06,0.110429,0.0061548,0.000267929,0.000267929,0.000267929,][0.00913085,0.00142878,0.0180037,0.00595269,0.385501,0.0049282,0.122925,0.000269645,0.332289,2.92964e-06,0.10013,0.0181156,0.000440921,0.000440921,0.000440921,][0.00743455,0.0012909,0.00981258,0.00380336,0.175613,0.017427,0.286691,0.000490535,0.368709,6.3907e-06,0.0990525,0.0278779,0.000597141,0.000597141,0.000597141,][0.00758169,0.00141019,0.00880454,0.00267034,0.111974,0.0306846,0.404301,0.000598687,0.306939,9.43722e-06,0.0948237,0.0282094,0.000664558,0.000664558,0.000664558,][0.00744416,0.00134147,0.00903394,0.00221593,0.103263,0.0299714,0.421274,0.000530326,0.307978,7.67539e-06,0.0904389,0.0247173,0.000594469,0.000594469,0.000594469,][0.00573651,0.000856904,0.0098639,0.000472655,0.0483315,0.0301656,0.699144,0.000145122,0.159509,1.34688e-06,0.0337771,0.0112487,0.000249322,0.000249322,0.000249322,][0.0283672,0.00942143,0.0966138,0.000227632,0.0163242,0.030861,0.614952,0.000196174,0.121998,4.47625e-06,0.0742028,0.00560021,0.000410182,0.000410182,0.000410182,][0.00781037,0.00133254,0.0123415,0.00210718,0.117548,0.0197147,0.370623,0.000409749,0.364098,3.37802e-06,0.0841454,0.0185041,0.000453839,0.000453839,0.000453839,][0.00587436,0.000771247,0.00806618,0.001143,0.0854018,0.0285984,0.579844,0.000228898,0.224075,1.97237e-06,0.0480347,0.016964,0.000332058,0.000332058,0.000332058,][0.00514118,0.000712224,0.00761291,0.000843071,0.067221,0.0300496,0.632496,0.0001751,0.202176,1.61977e-06,0.0382809,0.0144297,0.000286939,0.000286939,0.000286939,][0.00759043,0.00126193,0.0169301,0.000834067,0.0937928,0.0187808,0.513033,0.00019746,0.285216,1.42801e-06,0.0483658,0.0130757,0.00030674,0.00030674,0.00030674,][0.0587647,0.0128286,0.335922,0.00042985,0.0767606,0.00370411,0.182253,8.57293e-05,0.226097,1.09111e-06,0.0959377,0.00630609,0.000303156,0.000303156,0.000303156,][0.0083176,0.00311169,0.097963,0.0010783,0.575156,1.42084e-05,0.00190474,1.18554e-05,0.19404,5.45801e-08,0.117124,0.00116775,3.66096e-05,3.66096e-05,3.66096e-05,][0.00874266,0.00152011,0.0814717,0.000753209,0.625251,1.84915e-05,0.00346725,6.23381e-06,0.19553,1.90341e-08,0.0819018,0.00125783,2.63893e-05,2.63893e-05,2.63893e-05,][0.011761,0.00164156,0.110077,0.000458526,0.621895,2.74992e-05,0.00657216,4.14234e-06,0.190439,9.86202e-09,0.0554704,0.00158015,2.44684e-05,2.44684e-05,2.44684e-05,][0.0122795,0.00153262,0.10619,0.000373887,0.635712,3.98925e-05,0.0104597,3.59313e-06,0.190129,7.29794e-09,0.0410766,0.00212847,2.45977e-05,2.45977e-05,2.45977e-05,][0.00948347,0.00112668,0.0776508,0.000362699,0.679832,6.19821e-05,0.0172162,3.25812e-06,0.18528,5.11822e-09,0.0261359,0.00277602,2.35406e-05,2.35406e-05,2.35406e-05,][0.0113313,0.00140768,0.112386,0.000340804,0.683677,6.20424e-05,0.0197317,2.72988e-06,0.150849,3.85969e-09,0.0180165,0.00212897,2.21369e-05,2.21369e-05,2.21369e-05,][0.00683979,0.000739604,0.0633107,0.0004215,0.777104,7.1358e-05,0.0226957,2.27943e-06,0.115931,2.71034e-09,0.0110761,0.00175389,1.78911e-05,1.78911e-05,1.78911e-05,][0.00945848,0.000885544,0.0830414,0.000373135,0.691636,0.000155585,0.0550747,2.31044e-06,0.147744,2.44629e-09,0.00903579,0.00252474,2.27158e-05,2.27158e-05,2.27158e-05,][0.0311922,0.00877225,0.862258,2.78465e-05,0.0322287,0.000139324,0.0270829,1.93471e-06,0.0292414,6.7122e-09,0.00868049,0.000315094,1.99923e-05,1.99923e-05,1.99923e-05,][0.0219195,0.00298015,0.260594,0.000275902,0.292688,0.000770883,0.148769,1.01285e-05,0.245051,1.81839e-08,0.0233959,0.00333847,6.88281e-05,6.88281e-05,6.88281e-05,][0.023629,0.00751619,0.290471,0.000946158,0.4118,9.75608e-05,0.00994963,2.25474e-05,0.189101,1.29191e-07,0.0626297,0.00353143,0.000101657,0.000101657,0.000101657,][0.0087982,0.00149197,0.0567023,0.00203881,0.630078,0.000276479,0.0249725,3.03408e-05,0.221535,1.16589e-07,0.0484451,0.00532345,0.000102654,0.000102654,0.000102654,][0.00599582,0.00146718,0.035971,0.00368599,0.632104,0.000146759,0.00926472,4.80611e-05,0.238363,2.47511e-07,0.06756,0.00505389,0.0001131,0.0001131,0.0001131,][0.00559967,0.00168495,0.0294508,0.00559221,0.613462,0.000108511,0.00501145,7.50397e-05,0.240898,5.61021e-07,0.0921251,0.00557426,0.000139279,0.000139279,0.000139279,][0.0085998,0.00184517,0.0449987,0.00304943,0.461719,0.000686673,0.041206,7.27278e-05,0.354489,3.11792e-07,0.076755,0.0060736,0.000168203,0.000168203,0.000168203,][0.0101155,0.00196495,0.0780671,0.00163934,0.42309,0.000942784,0.0813144,3.91834e-05,0.3477,9.50924e-08,0.0508912,0.00387882,0.000118864,0.000118864,0.000118864,][0.0171667,0.00347167,0.153253,0.000753684,0.331194,0.00115524,0.132944,2.81413e-05,0.315947,5.14377e-08,0.0411738,0.002643,8.9893e-05,8.9893e-05,8.9893e-05,][0.0517994,0.0104498,0.215427,0.000978325,0.249821,0.00227723,0.117829,6.4414e-05,0.282614,1.35433e-07,0.0646063,0.00387906,8.46766e-05,8.46766e-05,8.46766e-05,][0.0976074,0.0228657,0.279966,0.00086521,0.111218,0.00581609,0.158178,0.000136024,0.228236,4.61619e-07,0.0903464,0.00442331,0.000113756,0.000113756,0.000113756,][0.0542341,0.0101265,0.160988,0.00366656,0.26399,0.00173175,0.0630582,8.57769e-05,0.341743,3.53671e-07,0.0913287,0.00874068,0.000101979,0.000101979,0.000101979,][0.13376,0.0278932,0.0361731,0.0384645,0.172338,0.0126569,0.0469276,0.00137822,0.332617,9.5319e-06,0.149584,0.0476837,0.000171443,0.000171443,0.000171443,][0.198158,0.0546801,0.000299707,0.488929,0.00495262,0.00538506,8.1172e-05,0.0964776,0.0146165,0.00463732,0.0566146,0.0750662,3.42299e-05,3.42299e-05,3.42299e-05,][0.174524,0.0706195,0.00020899,0.519401,0.00204532,0.0293766,0.000318601,0.0818625,0.0110908,0.00146422,0.0280434,0.0809784,2.23126e-05,2.23126e-05,2.23126e-05,][0.142411,0.0587662,0.00016702,0.567111,0.00274868,0.0294455,0.000356003,0.0858399,0.0129896,0.00087202,0.0217588,0.0774836,1.70605e-05,1.70605e-05,1.70605e-05,][0.129989,0.0508564,0.000178172,0.605993,0.00313578,0.0301101,0.000394044,0.0735919,0.014155,0.000494373,0.0182511,0.0728069,1.46278e-05,1.46278e-05,1.46278e-05,][0.144228,0.0549722,0.000218343,0.572305,0.00387477,0.0404729,0.000617025,0.0648011,0.0170873,0.000334866,0.0172209,0.0838229,1.4868e-05,1.4868e-05,1.4868e-05,][0.145679,0.0519949,0.000219744,0.574574,0.00400901,0.041036,0.000648955,0.0625771,0.0176664,0.000308791,0.0173051,0.0839369,1.46321e-05,1.46321e-05,1.46321e-05,][0.158017,0.0521828,0.000244037,0.547658,0.0044222,0.0498351,0.000872914,0.0585621,0.0191841,0.000255125,0.0166987,0.0920225,1.48771e-05,1.48771e-05,1.48771e-05,][0.158549,0.0524105,0.000246625,0.546223,0.00444947,0.0498368,0.000879374,0.0585511,0.0194841,0.000254538,0.0170805,0.09199,1.4903e-05,1.4903e-05,1.4903e-05,][0.154484,0.0504709,0.000233927,0.558304,0.00429581,0.0463282,0.000793564,0.0595451,0.0191568,0.000267975,0.0175773,0.0884978,1.47118e-05,1.47118e-05,1.47118e-05,][0.158067,0.0519259,0.0002449,0.549229,0.00441115,0.0482542,0.00084698,0.0592259,0.0197854,0.000260577,0.0178658,0.0898387,1.48666e-05,1.48666e-05,1.48666e-05,][0.153108,0.0497318,0.000221392,0.556874,0.00424117,0.0462424,0.000798504,0.0612946,0.0192528,0.000284113,0.0184316,0.0894749,1.49009e-05,1.49009e-05,1.49009e-05,][0.158363,0.051256,0.000211127,0.540827,0.00441389,0.0478931,0.000836431,0.0627919,0.0199738,0.00030311,0.0192934,0.0937907,1.55225e-05,1.55225e-05,1.55225e-05,][0.292487,0.099454,0.000413016,0.378244,0.00326878,0.0149273,0.000181112,0.0975351,0.0155475,0.000872078,0.0312033,0.0658155,1.70701e-05,1.70701e-05,1.70701e-05,][0.187673,0.0394554,0.000238908,0.398977,0.00757068,0.054379,0.00095519,0.0952811,0.0257394,0.0005279,0.0219821,0.167159,2.02698e-05,2.02698e-05,2.02698e-05,][0.190925,0.0323529,0.000271145,0.378407,0.00933977,0.0467473,0.00103371,0.0805293,0.0277149,0.00075811,0.0236998,0.208152,2.31197e-05,2.31197e-05,2.31197e-05,][0.190852,0.0371109,0.000254287,0.326229,0.00991426,0.0386921,0.000818779,0.0922909,0.0287201,0.00123061,0.0278707,0.245939,2.58394e-05,2.58394e-05,2.58394e-05,][0.257142,0.0697955,0.000356554,0.273005,0.00732178,0.0277902,0.000519111,0.117193,0.0254747,0.00198247,0.0387948,0.180538,2.87437e-05,2.87437e-05,2.87437e-05,][0.345543,0.152242,0.000503678,0.185859,0.00287956,0.0210963,0.000257358,0.159961,0.0152424,0.00370951,0.054063,0.0585563,2.93413e-05,2.93413e-05,2.93413e-05,][0.38487,0.270864,0.000586188,0.0729019,0.000559257,0.0214537,0.000175864,0.157405,0.00738263,0.00706577,0.0549389,0.0217194,2.56622e-05,2.56622e-05,2.56622e-05,][0.47838,0.247464,0.00432554,0.0305393,0.00219196,0.0338172,0.00143062,0.0570419,0.0183328,0.00250769,0.0955128,0.0282505,6.86172e-05,6.86172e-05,6.86172e-05,][0.0812973,0.0318574,0.246708,0.000802161,0.100588,0.00412077,0.0995993,0.000194619,0.26172,1.10081e-06,0.16861,0.00407995,0.000140586,0.000140586,0.000140586,][0.0434807,0.0176997,0.675166,4.90205e-05,0.0225492,0.00108373,0.0991401,1.51501e-05,0.0893084,1.08067e-07,0.0507086,0.000591368,6.92802e-05,6.92802e-05,6.92802e-05,][0.0253517,0.00674181,0.211911,0.00096025,0.291854,0.000398861,0.0356653,4.3466e-05,0.307433,2.01447e-07,0.116458,0.00275311,0.000142945,0.000142945,0.000142945,][0.0120512,0.00165853,0.0674326,0.00196281,0.600998,0.000165381,0.0155551,2.05423e-05,0.220252,1.226e-07,0.075876,0.00375136,9.22675e-05,9.22675e-05,9.22675e-05,][0.0373611,0.0226633,0.513807,0.00022551,0.0279574,0.00207892,0.084703,8.45949e-05,0.146299,1.71463e-06,0.162767,0.00132599,0.000241627,0.000241627,0.000241627,][0.0088602,0.0011378,0.0167632,0.00144391,0.128624,0.0148417,0.433891,0.000168859,0.27536,1.92055e-06,0.107371,0.0105259,0.000336939,0.000336939,0.000336939,][0.001656,0.000179201,0.00123161,0.00216801,0.140057,0.00473331,0.112257,0.000167026,0.614126,9.6344e-07,0.104947,0.0181444,0.000111063,0.000111063,0.000111063,][0.00617154,0.0026902,6.86888e-05,0.381847,0.0226908,0.000176192,1.72265e-05,0.0262909,0.0473196,0.00349242,0.490505,0.0185503,5.97886e-05,5.97886e-05,5.97886e-05,][0.0127967,0.00142441,5.45238e-06,0.298544,0.00272282,0.042571,0.000454764,0.140213,0.025591,0.0241578,0.13466,0.316692,5.5439e-05,5.5439e-05,5.5439e-05,][0.00752988,0.000871241,1.83063e-06,0.389401,0.00321763,0.0173262,0.000138586,0.144012,0.0237716,0.0187775,0.129572,0.2653,2.66109e-05,2.66109e-05,2.66109e-05,][0.00561831,0.000626758,1.29555e-06,0.439098,0.00487311,0.0117315,0.000118932,0.125263,0.0322112,0.00963188,0.126588,0.244179,1.94292e-05,1.94292e-05,1.94292e-05,][0.00497417,0.000479001,1.30684e-06,0.460143,0.00694713,0.0113652,0.000143826,0.105719,0.0430493,0.00426818,0.110791,0.25207,1.60951e-05,1.60951e-05,1.60951e-05,][0.00466941,0.000451721,1.31854e-06,0.454456,0.00850474,0.0116073,0.000168228,0.0968367,0.0512564,0.00289774,0.108215,0.260891,1.49154e-05,1.49154e-05,1.49154e-05,][0.00489683,0.000412787,1.40836e-06,0.447691,0.0100835,0.0131648,0.000218002,0.0868229,0.0562271,0.00210555,0.0992909,0.279042,1.44481e-05,1.44481e-05,1.44481e-05,][0.00537324,0.00039036,1.54696e-06,0.426102,0.0115736,0.0162712,0.000306189,0.0782581,0.0612269,0.00157792,0.0906069,0.308269,1.43707e-05,1.43707e-05,1.43707e-05,][0.00542285,0.000377183,1.52479e-06,0.429053,0.011337,0.0164539,0.000302593,0.0794455,0.0607254,0.00156313,0.0895708,0.305705,1.40378e-05,1.40378e-05,1.40378e-05,][0.00556236,0.00038173,1.56149e-06,0.427378,0.0114458,0.0169286,0.000313539,0.0791208,0.06067,0.00152712,0.0873475,0.309281,1.41049e-05,1.41049e-05,1.41049e-05,][0.00557612,0.000381574,1.52565e-06,0.452429,0.0106384,0.0150015,0.000254283,0.084774,0.0556292,0.00175297,0.0845918,0.288927,1.41198e-05,1.41198e-05,1.41198e-05,][0.00616857,0.000423475,1.61329e-06,0.444446,0.0105059,0.0159685,0.000266941,0.0868002,0.0511748,0.00201167,0.0806569,0.30153,1.49373e-05,1.49373e-05,1.49373e-05,][0.00721195,0.000481945,1.92479e-06,0.453845,0.0103032,0.016057,0.000260832,0.0829484,0.0478386,0.00203417,0.0743569,0.30461,1.67008e-05,1.67008e-05,1.67008e-05,][0.00876329,0.000561994,4.0247e-06,0.451801,0.0226377,0.0163095,0.000472053,0.0569437,0.0546294,0.00104745,0.0640796,0.322681,2.30906e-05,2.30906e-05,2.30906e-05,][0.00783346,0.000498546,4.03291e-05,0.165761,0.22093,0.00869064,0.00382175,0.00824331,0.256056,5.18283e-05,0.107334,0.220601,4.617e-05,4.617e-05,4.617e-05,][0.00044302,2.42029e-05,0.000155043,0.00236091,0.703748,0.000277053,0.0110243,2.33229e-05,0.255763,2.05238e-08,0.0174901,0.0086597,1.02289e-05,1.02289e-05,1.02289e-05,][0.000892424,4.96889e-05,0.000849972,0.00128796,0.765165,0.000159177,0.0134499,9.43724e-06,0.20118,7.25129e-09,0.0115363,0.00538833,1.07725e-05,1.07725e-05,1.07725e-05,][0.00615359,0.000735773,0.0207964,0.000803215,0.758823,0.00013938,0.0182004,8.00045e-06,0.174315,7.44518e-09,0.0171091,0.0028653,1.69205e-05,1.69205e-05,1.69205e-05,][0.0240504,0.00536908,0.190917,0.000510515,0.629525,6.22907e-05,0.0106887,5.55242e-06,0.119268,7.889e-09,0.0181975,0.00134589,1.98285e-05,1.98285e-05,1.98285e-05,][0.0326537,0.0101812,0.380452,0.0004081,0.434334,5.0895e-05,0.0079088,6.68622e-06,0.111044,1.0476e-08,0.0218418,0.00105401,2.14618e-05,2.14618e-05,2.14618e-05,][0.249315,0.0496545,0.0953583,0.0120603,0.344537,0.00124545,0.00745636,0.00050336,0.146537,1.88164e-06,0.0756517,0.0175156,5.4654e-05,5.4654e-05,5.4654e-05,][0.606992,0.136131,0.0024019,0.106159,0.0092585,0.0111464,0.000596495,0.0247929,0.0184729,0.000262933,0.0285647,0.0551587,2.11622e-05,2.11622e-05,2.11622e-05,][0.583331,0.181462,0.00134809,0.0893275,0.00412882,0.0160819,0.000482856,0.0306909,0.0152629,0.000208242,0.0208775,0.0567607,1.24982e-05,1.24982e-05,1.24982e-05,][0.56113,0.265962,0.00240655,0.0838901,0.00245752,0.0100685,0.00039263,0.0158735,0.0125015,8.44856e-05,0.0235942,0.0216155,8.03636e-06,8.03636e-06,8.03636e-06,][0.575785,0.297857,0.00375397,0.0475157,0.00169578,0.00603686,0.000306713,0.00900107,0.0124029,5.11078e-05,0.0324348,0.0131425,5.76595e-06,5.76595e-06,5.76595e-06,][0.544268,0.313176,0.00494232,0.0289775,0.00139831,0.00433384,0.000287812,0.00679936,0.0170124,4.09373e-05,0.0692398,0.00950906,4.79216e-06,4.79216e-06,4.79216e-06,][0.567328,0.319121,0.00449351,0.0307034,0.00129587,0.00439075,0.000255434,0.00684077,0.0125404,4.23295e-05,0.0428839,0.0100897,4.7958e-06,4.7958e-06,4.7958e-06,][0.573195,0.300999,0.00372626,0.042285,0.00150259,0.0057039,0.000287945,0.00890561,0.012859,5.36448e-05,0.0367653,0.0136996,5.71302e-06,5.71302e-06,5.71302e-06,][0.551288,0.258518,0.00272411,0.0767947,0.002205,0.00997515,0.000425594,0.0148055,0.0174354,8.25397e-05,0.0407088,0.0250126,8.14081e-06,8.14081e-06,8.14081e-06,][0.51796,0.22354,0.00201749,0.131171,0.00316088,0.0194245,0.000710909,0.0205723,0.0169311,9.35699e-05,0.0229501,0.0414376,1.04527e-05,1.04527e-05,1.04527e-05,][0.504235,0.20203,0.0014335,0.182238,0.00305876,0.0252165,0.000675175,0.0218173,0.00727568,8.77196e-05,0.0046615,0.0472402,1.03757e-05,1.03757e-05,1.03757e-05,][0.482433,0.185192,0.00113489,0.215575,0.00275802,0.0280919,0.000621288,0.0255018,0.00597313,0.00011508,0.00374365,0.0488277,1.10392e-05,1.10392e-05,1.10392e-05,][0.531264,0.23099,0.00165632,0.146612,0.00226148,0.0193533,0.000503292,0.0211058,0.00692648,0.000108372,0.00654625,0.032643,9.71363e-06,9.71363e-06,9.71363e-06,][0.588528,0.287454,0.00241722,0.0721394,0.00137369,0.00954759,0.000288179,0.0115147,0.00440057,6.85302e-05,0.00541742,0.016831,6.45743e-06,6.45743e-06,6.45743e-06,][0.600928,0.324129,0.00293317,0.0402431,0.000891163,0.00565731,0.000185264,0.00725751,0.00297088,4.79492e-05,0.00429678,0.0104458,4.64279e-06,4.64279e-06,4.64279e-06,][0.597399,0.356562,0.00339521,0.022011,0.00056198,0.00340809,0.000119517,0.00461002,0.00198781,3.34999e-05,0.00328649,0.006615,3.32107e-06,3.32108e-06,3.32108e-06,]]