[[0.000501485,1.99272e-06,1.21723e-05,1.77611e-07,3.95534e-15,1.28645e-09,3.85906e-11,2.86994e-14,1.68266e-10,0.999484,7.55569e-12,6.44092e-18,9.31369e-16,5.71096e-07,2.71851e-10,][0.000494523,1.15727e-06,1.92033e-06,7.52834e-08,1.39744e-15,1.50661e-09,3.69851e-11,7.66544e-15,5.80065e-11,0.999502,6.56722e-12,6.3736e-19,1.6614e-15,7.39758e-08,1.5228e-10,][0.199856,7.4134e-05,0.000186077,1.1543e-06,7.95655e-13,8.88268e-09,6.06434e-09,9.45155e-12,4.80054e-09,0.799878,4.63558e-10,8.34108e-17,3.86386e-13,3.92601e-06,9.68423e-10,][0.00448476,7.08112e-06,1.40023e-05,2.22619e-07,2.72621e-14,1.60398e-09,7.12971e-10,9.08137e-14,2.65744e-10,0.995494,6.89452e-11,3.39162e-18,4.06221e-14,2.67904e-07,1.13357e-10,][0.00729036,2.67881e-05,7.54827e-05,6.17788e-07,4.59924e-14,2.40409e-09,7.93258e-10,5.77366e-13,9.57213e-10,0.992605,4.06211e-10,1.31644e-17,1.73374e-13,1.39032e-06,2.41708e-10,][0.0128513,1.91054e-05,0.000135972,1.89381e-07,2.72362e-14,1.12658e-09,1.35828e-09,5.60078e-13,6.58502e-10,0.986992,3.52994e-10,2.53867e-17,2.31606e-13,1.26415e-06,3.08585e-10,][0.00778008,1.70709e-06,2.55249e-05,3.05502e-08,1.38431e-14,1.66577e-10,3.70754e-10,2.64475e-13,1.35412e-10,0.992193,6.58604e-11,9.88916e-18,2.05848e-14,9.68619e-08,1.33089e-10,][0.0185666,6.74413e-06,0.000122068,4.8765e-08,1.11137e-13,5.69713e-10,5.59625e-10,4.51713e-13,8.13282e-11,0.981304,7.54141e-11,3.14166e-17,2.1699e-14,1.53036e-07,1.83568e-10,][0.0036467,1.53529e-06,0.000550219,2.89682e-08,6.42589e-14,7.0156e-10,5.7369e-10,2.02974e-13,2.07194e-11,0.995802,1.54612e-11,8.16011e-17,3.33962e-14,2.42244e-08,1.38832e-09,][8.57865e-07,1.76166e-08,8.74464e-07,1.98827e-08,5.14681e-15,5.26082e-11,2.88141e-11,9.92163e-16,5.43272e-12,0.999998,6.90601e-13,1.77967e-16,5.25351e-15,9.31826e-10,1.71002e-10,][0.00409349,1.55036e-08,0.00620781,5.03242e-09,6.33681e-13,4.27004e-10,8.19892e-12,1.68732e-12,2.16994e-12,0.989698,5.68871e-13,1.62751e-15,1.74466e-14,8.23974e-07,8.59476e-12,][3.61383e-07,1.52352e-13,4.62597e-07,4.12027e-13,5.22638e-17,8.00385e-12,3.13947e-13,1.01977e-14,3.78707e-15,0.999999,1.07039e-13,4.31746e-17,2.54853e-17,3.02893e-11,1.16539e-15,][2.78562e-05,1.87424e-10,2.67665e-06,1.26749e-10,3.50265e-15,1.49708e-09,1.25692e-12,3.83524e-13,4.68441e-15,0.999969,5.82561e-11,1.29858e-19,1.78253e-14,1.48564e-10,7.82905e-10,][0.00268325,7.10336e-08,2.82326e-05,5.59343e-11,2.30784e-12,1.20944e-09,5.2887e-12,1.19965e-12,4.37683e-13,0.997288,6.76342e-11,5.77604e-19,2.40974e-13,9.87597e-08,8.17308e-09,][0.0121345,2.42216e-08,3.35065e-06,5.97865e-11,2.94231e-13,1.98041e-07,3.14524e-12,4.73684e-14,1.10117e-14,0.987862,7.60324e-11,9.9971e-21,4.17327e-17,2.10424e-10,9.836e-11,][0.589169,2.26341e-06,0.000145332,2.25089e-10,1.23036e-10,3.524e-06,2.41138e-11,2.03156e-13,1.83269e-13,0.410679,1.68777e-09,5.07353e-20,1.46072e-16,3.1942e-08,5.60451e-09,][0.0504285,3.61611e-05,6.25874e-06,2.2025e-09,1.30791e-12,1.31334e-07,1.12004e-09,1.13417e-12,1.17509e-12,0.949529,7.32805e-10,7.32658e-19,8.77551e-16,6.37746e-08,1.80139e-08,][0.0180606,9.51266e-05,1.02059e-05,1.69092e-09,2.34466e-12,1.47272e-07,2.34403e-10,7.11889e-13,1.36764e-11,0.981834,3.68249e-09,2.07299e-18,3.78531e-15,2.97601e-07,4.02693e-08,][0.0566651,0.000312522,1.61917e-05,2.02631e-09,8.26028e-12,2.31351e-07,2.22954e-10,6.35179e-13,5.07593e-11,0.943005,2.66514e-09,5.62053e-18,3.38678e-15,9.13321e-07,2.30284e-07,][0.0850589,0.000543767,4.8556e-05,2.93416e-09,2.28368e-11,2.13e-07,1.98101e-10,1.22321e-12,1.17658e-10,0.914348,1.1998e-09,7.59557e-18,7.98163e-15,5.31286e-07,9.8917e-08,][0.0473046,0.000387443,2.53321e-05,3.49245e-09,2.21543e-11,2.42493e-07,1.83163e-10,5.17414e-13,2.14896e-11,0.952282,3.66367e-10,1.80623e-17,6.73669e-15,2.32411e-07,7.58469e-08,][0.0337399,0.000291683,3.12627e-05,6.41908e-09,1.92551e-11,2.37637e-07,1.10496e-10,2.12537e-13,7.42532e-11,0.965936,1.51107e-10,5.95934e-18,4.95932e-15,3.14319e-07,3.8055e-08,][0.0314855,0.000174978,3.14535e-05,2.93952e-09,1.43623e-11,2.27322e-07,1.23198e-10,3.68534e-13,4.35022e-11,0.968307,1.11767e-10,1.54625e-18,2.14522e-15,2.6577e-07,4.53881e-08,][0.0571631,0.000261905,3.80034e-05,7.53683e-09,1.3548e-11,4.72669e-07,3.02577e-10,1.15556e-12,5.43769e-11,0.942536,6.99677e-11,9.49391e-19,2.51739e-15,5.53105e-07,4.29206e-08,][0.12542,0.000143718,9.2434e-05,4.40008e-09,4.31547e-12,5.13624e-07,8.65087e-10,9.36741e-12,4.01835e-11,0.874342,9.96516e-11,2.36516e-18,5.1859e-15,1.6591e-06,2.19118e-07,][0.040336,2.30387e-05,1.62739e-05,2.99825e-09,1.91959e-12,2.69589e-07,1.98823e-10,9.76293e-13,2.9814e-12,0.959624,2.10063e-11,2.14501e-18,8.80218e-16,4.10475e-07,9.42017e-08,][0.070999,2.99849e-05,4.7864e-06,1.04806e-09,3.68149e-13,8.58974e-08,1.38737e-10,1.1378e-12,1.16354e-12,0.928966,1.32776e-11,1.52682e-17,2.21904e-16,5.67133e-07,1.65374e-08,][0.481231,3.47285e-06,4.90253e-05,1.69798e-09,1.20961e-12,3.4402e-07,2.51734e-10,3.1531e-12,2.68455e-12,0.518713,7.43807e-11,2.51931e-16,1.45066e-16,2.95774e-06,3.45132e-08,][0.0315822,3.69332e-07,1.93791e-06,4.69936e-11,1.17322e-13,2.10282e-08,9.95826e-11,2.21546e-12,2.14339e-13,0.968415,1.23525e-11,8.91404e-18,2.74005e-16,2.35728e-08,2.2302e-09,][0.0138536,3.16515e-06,1.9871e-07,2.26123e-10,2.70509e-14,9.4607e-09,1.7336e-11,5.79517e-13,4.77149e-13,0.986143,5.63187e-12,6.81101e-17,1.93066e-15,8.60526e-08,9.36754e-09,][0.00245108,1.11245e-05,8.01318e-07,6.6157e-10,1.25484e-13,8.34181e-09,5.5303e-11,1.78112e-12,3.13991e-13,0.997537,2.03386e-12,4.20703e-17,3.75135e-14,4.13177e-09,2.60503e-08,][0.000960349,1.58312e-06,1.26134e-06,6.11211e-11,2.94974e-14,8.92948e-10,8.53943e-12,1.09487e-13,2.08947e-13,0.999037,1.07715e-12,1.286e-17,3.66496e-15,2.1255e-09,4.59801e-09,][0.910415,7.34362e-05,8.79247e-06,4.94351e-09,6.35783e-09,1.21131e-09,2.18688e-10,1.77934e-09,1.64537e-11,0.0895027,2.99325e-09,2.29899e-17,4.07461e-14,4.58504e-09,1.87553e-08,][0.82349,1.72386e-09,6.90119e-07,2.54622e-12,3.78828e-12,1.54477e-11,1.54707e-10,1.00848e-14,1.09698e-11,0.176509,4.96847e-14,1.65854e-19,2.30886e-18,2.27672e-12,8.9289e-11,][1.0,3.634e-10,1.20589e-09,3.27289e-16,2.18182e-12,1.0003e-11,4.08749e-12,5.93935e-16,6.27354e-13,1.20373e-07,1.4718e-15,4.88394e-23,7.94247e-20,3.96001e-11,3.90817e-11,][0.999999,8.12417e-09,1.79112e-08,2.02974e-15,2.3046e-13,2.66508e-12,1.57024e-12,1.13186e-15,2.75756e-12,1.10022e-06,9.88082e-14,4.25213e-22,1.71823e-19,5.33603e-11,2.99933e-10,][0.999997,5.72819e-08,1.48832e-07,5.02746e-14,6.00695e-13,2.3382e-12,9.5127e-13,5.44218e-15,4.74863e-11,3.06982e-06,1.44102e-13,4.90452e-22,1.62635e-19,4.70563e-10,9.57934e-10,][0.999979,1.63398e-07,3.8145e-07,3.28769e-13,5.16832e-12,2.58499e-12,1.07416e-12,6.86843e-15,2.1075e-11,2.03168e-05,5.22835e-13,2.09507e-21,1.02781e-18,1.15085e-09,3.85868e-10,][0.99952,3.19591e-06,2.66034e-07,1.31073e-12,1.10187e-11,1.96843e-12,3.17521e-12,9.95247e-15,3.05802e-11,0.000476991,1.59745e-12,3.49834e-22,3.84161e-18,2.60632e-09,3.39148e-09,][0.999501,3.29144e-06,5.7417e-07,6.06971e-12,7.67479e-12,6.18979e-12,1.93296e-12,3.61073e-15,1.33689e-11,0.000494961,8.46665e-13,4.47029e-22,1.24466e-18,1.56375e-09,2.2156e-08,][0.992731,4.26004e-05,4.53508e-06,6.82564e-11,1.46706e-10,9.33086e-11,1.37488e-11,5.05496e-15,3.87802e-10,0.00722202,3.46555e-12,2.43774e-20,5.63192e-18,3.7916e-09,3.17108e-07,][0.982101,2.82992e-05,3.24132e-07,1.45037e-12,4.81941e-10,1.67264e-11,6.60872e-12,9.1857e-16,2.89152e-11,0.0178703,1.00971e-12,2.37512e-19,6.2126e-18,5.1296e-09,5.93925e-08,][0.995794,7.02089e-06,5.92083e-06,6.0221e-11,0.000182153,0.00033825,8.53233e-09,3.44642e-10,1.17202e-14,0.00280738,3.10213e-07,1.54216e-12,4.31677e-13,0.000747865,0.000117253,][1.0,6.98101e-11,6.20031e-10,7.4851e-20,4.91771e-12,7.46862e-10,2.39567e-14,1.03443e-15,6.1953e-17,1.83821e-07,8.82517e-15,1.84132e-20,1.87406e-19,2.29503e-10,5.02531e-12,][0.999998,1.81165e-06,1.42104e-08,3.46775e-15,2.0968e-10,6.85547e-11,1.60595e-13,2.30658e-16,2.99999e-14,4.23428e-07,3.4538e-13,3.86338e-20,8.32496e-20,1.54155e-10,9.27953e-09,][1.0,1.1775e-10,1.9717e-10,8.8693e-19,3.37797e-11,9.55918e-10,5.43108e-14,1.03753e-16,3.28008e-17,7.6511e-08,1.95145e-13,2.33854e-21,1.38167e-20,5.50775e-11,8.13659e-13,][0.999595,0.000359335,1.13729e-07,4.09214e-10,4.10981e-07,2.59735e-07,6.09556e-10,1.97615e-14,6.25703e-15,4.24399e-05,3.17099e-12,9.34783e-18,3.17062e-15,1.8916e-06,1.00105e-07,][0.999897,5.41676e-05,9.13801e-08,3.08647e-10,3.70056e-06,1.02812e-06,7.32112e-11,7.20587e-14,1.5327e-14,4.29289e-05,2.24701e-13,1.5825e-17,4.98542e-15,6.26258e-07,1.31965e-07,][0.999987,5.61347e-07,1.19793e-08,1.20553e-13,1.29892e-06,1.11647e-08,1.99199e-11,6.07331e-15,1.77978e-15,1.0936e-05,3.19645e-14,2.87761e-19,3.12523e-17,9.1239e-08,2.11179e-08,][0.99994,1.64456e-06,4.17437e-10,8.53353e-14,1.26691e-07,9.03584e-10,5.58709e-11,2.34753e-15,7.03375e-14,5.80714e-05,2.54475e-11,1.30582e-18,2.08974e-18,6.2024e-08,4.69836e-08,][0.999492,1.63157e-06,2.90106e-08,1.41835e-14,6.24913e-09,2.43875e-10,4.45262e-13,1.25836e-15,1.49399e-13,0.000506366,4.29187e-13,2.47833e-19,9.32179e-18,1.13088e-09,7.28046e-08,][0.999993,3.78201e-07,8.13724e-07,9.35544e-14,1.51394e-11,1.10551e-09,3.99625e-12,4.52043e-14,5.69037e-12,5.46252e-06,5.95806e-12,6.18403e-21,1.15127e-17,5.43021e-10,4.40038e-08,][0.998782,0.000149834,5.43128e-07,3.42221e-11,2.13525e-05,0.000596263,5.0589e-09,3.83181e-09,7.41471e-14,0.000137355,1.50525e-07,7.02844e-14,1.57065e-11,0.000299334,1.36043e-05,][0.374758,0.000548691,1.8585e-07,9.83863e-08,0.000689478,0.00194611,0.00121761,1.04055e-08,5.38563e-12,0.620687,7.11369e-08,6.0678e-11,4.02841e-09,3.75319e-05,0.000115373,][0.999995,2.9837e-10,7.14797e-07,9.32133e-12,1.37645e-13,3.05425e-14,1.81388e-13,1.35727e-14,1.36226e-11,4.6193e-06,6.47358e-13,3.61017e-21,2.75733e-19,7.8833e-12,6.66423e-13,][0.0657818,6.95358e-07,1.70765e-06,6.19751e-08,2.48773e-06,9.15031e-07,8.83958e-08,1.72173e-12,1.0287e-14,0.934211,2.09269e-12,3.44146e-16,6.01804e-12,7.18486e-10,7.68242e-07,][0.0642987,1.18043e-06,4.30308e-06,4.04633e-09,6.40113e-07,4.96391e-07,8.45875e-08,5.0042e-13,3.8262e-14,0.935695,2.99351e-13,4.0893e-18,1.96798e-12,4.84988e-09,7.96924e-08,][0.561898,4.56993e-06,1.10834e-05,2.34922e-09,1.1961e-06,2.4815e-07,1.75204e-07,2.34947e-12,6.65288e-14,0.438084,4.91746e-13,8.06193e-18,1.46436e-12,1.39211e-07,4.72028e-07,][0.794621,2.84935e-07,6.92024e-07,3.83532e-10,9.72383e-08,1.62489e-07,1.11371e-07,1.94697e-12,4.73723e-14,0.205378,1.74432e-13,8.37948e-19,5.08127e-13,4.69578e-08,4.23302e-08,][0.172391,6.55443e-06,0.000119734,1.55817e-10,5.45614e-08,7.25358e-06,4.64379e-08,2.52601e-13,2.97279e-13,0.827475,2.17828e-09,1.62606e-18,1.35204e-15,6.64932e-09,2.22407e-07,][0.913196,4.97588e-07,4.80982e-06,8.69199e-11,5.33717e-08,3.26593e-07,2.66667e-08,2.21652e-13,6.40446e-13,0.086798,9.30442e-13,5.32983e-19,6.33407e-13,3.81226e-08,4.53829e-09,][0.202742,0.000116928,5.80487e-05,8.02446e-09,1.8814e-06,7.26385e-05,1.33482e-07,1.48993e-11,2.75362e-11,0.797007,9.95771e-09,1.54266e-16,8.41686e-13,2.05998e-09,1.8134e-06,][0.970165,1.27071e-05,0.00334108,1.00265e-08,4.49027e-11,2.96457e-08,3.67505e-10,5.83179e-13,2.80034e-11,0.026451,1.65137e-13,7.67808e-19,5.09272e-14,2.8861e-05,1.04859e-06,][0.93639,0.000157683,0.0028379,4.82357e-08,2.78953e-11,6.53394e-08,9.21969e-10,7.53926e-13,3.35217e-10,0.06061,3.57796e-12,4.66244e-18,2.05914e-13,4.23738e-06,4.09696e-08,][0.604514,4.96629e-08,1.90506e-08,2.39014e-11,8.78188e-05,2.85102e-05,3.13273e-09,1.49205e-10,2.01679e-12,0.395367,2.62106e-09,8.12503e-12,6.11235e-11,1.65347e-06,1.50447e-07,][0.999616,2.28946e-05,0.000117314,2.57786e-12,2.01137e-10,6.20084e-09,1.64352e-09,2.79069e-13,1.80083e-10,0.00024418,3.24443e-11,4.75788e-18,1.70813e-15,5.36997e-08,2.62399e-08,][0.81219,0.000159238,8.01353e-06,3.91315e-09,4.09499e-06,2.12502e-06,4.51587e-12,4.5324e-12,1.07567e-13,0.187613,1.96108e-10,6.05519e-16,2.5745e-13,1.77366e-05,5.92842e-06,][0.999841,1.03893e-05,3.63595e-07,1.14238e-12,2.32896e-07,2.89905e-06,8.79008e-09,6.11859e-11,4.57971e-13,0.000120859,1.75164e-09,3.47044e-15,7.47928e-14,3.61942e-08,2.45541e-05,][0.999041,2.83108e-06,7.84626e-07,2.74109e-11,1.03694e-05,1.11817e-06,1.02137e-09,3.97642e-10,3.86495e-12,0.000939538,2.76667e-10,9.87546e-15,5.93519e-14,3.89001e-06,1.70286e-07,][0.999674,1.34772e-05,4.92878e-07,5.02565e-14,2.07403e-07,6.12309e-08,7.8456e-09,1.68286e-12,5.46655e-14,0.00031196,1.66718e-12,1.73046e-16,1.21903e-15,2.40783e-08,1.80565e-08,][0.998888,0.000201638,0.000153524,4.29984e-10,2.38906e-05,4.10289e-05,1.47768e-10,5.34067e-12,6.46928e-14,0.000656821,4.16814e-11,2.09505e-15,1.01383e-13,3.28403e-05,1.99881e-06,][0.999061,7.48703e-06,1.27732e-05,1.21052e-13,1.30381e-07,9.99774e-07,1.06229e-10,8.92505e-12,1.75619e-14,0.000917651,3.50924e-11,1.25208e-15,7.49779e-15,3.53918e-07,8.33542e-08,][0.999529,5.33142e-05,3.29628e-06,1.085e-12,6.59542e-07,2.10186e-07,1.38826e-10,3.20635e-11,1.00226e-12,0.000411377,1.11936e-12,2.14839e-15,5.55684e-15,1.29948e-06,4.1234e-07,][0.999012,0.000163136,5.0244e-07,8.86363e-12,1.00173e-07,2.3427e-08,5.40833e-11,3.26994e-13,5.11105e-12,0.000802311,4.11561e-10,1.48976e-16,2.29611e-16,2.30194e-07,2.21408e-05,][0.999637,0.00022329,4.8293e-06,8.63492e-12,1.3653e-07,8.24387e-09,2.39168e-11,1.15407e-12,5.63146e-12,5.16403e-05,6.08821e-11,1.26443e-15,7.97348e-17,2.49843e-07,8.23208e-05,][0.999902,8.85629e-05,4.86467e-06,1.12204e-11,5.36869e-08,2.41076e-09,3.31366e-11,2.63129e-12,3.43209e-12,7.37795e-07,1.21661e-10,1.26567e-17,3.16142e-17,8.99693e-08,3.83007e-06,][0.999994,5.14462e-06,2.83972e-07,1.1211e-12,2.99733e-08,6.26524e-10,4.42428e-11,2.85969e-12,2.67215e-13,5.49254e-08,8.17385e-13,3.22671e-19,7.28136e-17,1.15394e-08,1.13862e-07,][0.999969,1.92785e-05,8.7219e-06,2.96877e-12,1.03352e-07,6.03024e-08,1.65033e-10,2.8612e-11,3.34091e-13,2.52903e-06,8.06402e-13,4.67925e-18,1.60845e-16,2.24039e-08,5.57475e-08,][0.999575,5.74832e-05,0.000114066,3.54419e-12,1.00791e-05,2.91537e-06,2.9645e-10,2.85103e-10,1.17166e-12,0.000238421,2.26572e-12,3.39497e-16,5.24071e-16,2.79616e-08,1.91585e-06,][0.999986,6.71972e-06,7.99729e-07,2.37973e-13,3.99708e-09,5.84938e-07,2.19442e-10,1.14027e-11,2.85245e-11,5.4945e-06,1.69245e-10,3.00117e-17,1.1887e-15,2.74659e-07,1.96352e-10,][0.999408,3.37427e-05,0.000540253,2.4758e-14,1.12726e-08,1.19598e-05,9.50785e-09,8.18452e-11,4.61823e-11,5.31859e-06,6.10469e-10,1.80095e-15,4.69229e-14,3.45804e-07,3.10037e-09,][0.999994,1.43838e-07,2.74991e-07,7.59914e-14,5.17499e-11,2.07913e-10,3.95342e-13,2.97382e-14,6.7623e-13,5.37466e-06,9.1197e-12,6.5968e-21,3.40227e-18,4.01457e-10,7.81692e-09,][0.999966,1.21877e-06,1.61697e-06,1.12482e-12,1.41846e-09,5.18745e-09,9.40792e-12,5.01077e-13,4.29154e-12,3.13871e-05,7.63044e-12,2.4065e-19,3.22502e-18,3.69301e-09,1.6193e-07,][0.754366,0.000522857,5.6855e-06,1.88653e-10,0.00024445,2.77822e-05,8.27053e-09,2.14947e-11,4.33563e-12,0.244827,3.40449e-10,7.6719e-15,1.39312e-13,6.34377e-06,6.64674e-07,][0.935548,0.00312155,3.70161e-06,3.09699e-09,8.82988e-06,0.00116575,4.31081e-06,1.35813e-09,8.92557e-11,0.0600661,4.78129e-10,3.39067e-14,1.94783e-14,6.99217e-06,7.50728e-05,][0.965378,0.000310106,4.95249e-06,1.77452e-12,6.53406e-06,0.000236187,1.63822e-07,3.17932e-11,1.51646e-10,0.0340457,2.78782e-10,5.44542e-16,8.63302e-15,1.47357e-07,1.85063e-05,][0.999918,4.21491e-05,1.58486e-07,9.12092e-14,1.7066e-08,1.23245e-08,3.2767e-12,2.15764e-14,1.37032e-12,3.93235e-05,2.07798e-11,3.02953e-16,4.61337e-18,1.53748e-08,1.43695e-07,][0.972933,0.0163852,6.59685e-05,6.34706e-11,5.66015e-09,3.8135e-07,2.09241e-09,4.38841e-12,8.17621e-09,0.0106134,3.19711e-09,1.08938e-14,2.00341e-14,9.2577e-07,1.20537e-06,][0.996192,0.00288594,5.91616e-06,4.32042e-11,5.85703e-10,1.71955e-07,5.07013e-09,3.49727e-11,5.14412e-09,0.000915774,8.6786e-09,1.09298e-16,4.66199e-14,1.59315e-07,2.01038e-07,][0.999961,3.91682e-06,6.67074e-08,1.80153e-12,3.14757e-11,2.09048e-09,2.20371e-10,5.68367e-12,1.77994e-10,3.50512e-05,2.25739e-10,2.33017e-17,2.75803e-14,2.37382e-08,9.42439e-10,][0.999994,9.39432e-07,5.92099e-09,5.33192e-13,4.71475e-11,5.28761e-10,2.33987e-10,3.58692e-12,9.61311e-11,5.30056e-06,6.3825e-11,1.67295e-18,7.89074e-15,5.70722e-09,1.66836e-09,][0.999998,5.78622e-07,1.31803e-09,9.31539e-13,2.19494e-10,2.97115e-10,4.68822e-10,1.52943e-11,5.5465e-11,1.49908e-06,2.7153e-10,1.91761e-18,5.12932e-15,7.06667e-10,8.19865e-08,][0.9999,1.17767e-06,4.66938e-09,2.15828e-11,7.11147e-07,3.34608e-07,4.22969e-08,3.61576e-10,1.23071e-11,9.44835e-05,9.0575e-12,6.43077e-17,1.83618e-13,1.9145e-09,3.29696e-06,][0.999975,2.93415e-07,1.46663e-07,1.521e-13,6.48707e-12,1.58972e-10,3.57367e-11,1.09877e-13,7.46608e-11,2.47778e-05,2.20338e-11,5.15516e-19,2.50527e-15,2.17952e-10,2.2916e-10,][0.99998,2.85382e-06,5.44931e-08,3.67763e-12,2.42378e-11,6.09359e-10,1.38096e-10,1.46485e-12,2.71296e-10,1.67229e-05,2.14965e-10,2.6122e-18,5.75759e-15,5.50797e-08,1.28237e-09,][0.999997,1.19571e-06,1.2979e-08,1.12277e-11,9.87443e-11,2.10514e-10,4.20601e-11,4.80156e-12,2.36989e-10,1.44434e-06,3.4491e-10,2.27485e-18,2.71495e-15,7.62574e-08,2.54455e-09,][0.999998,1.94512e-06,1.07698e-08,3.20504e-13,6.68646e-10,4.52691e-10,7.10299e-12,2.32612e-11,4.83928e-12,1.75471e-07,4.56335e-11,1.95868e-17,1.67647e-15,3.19785e-08,1.92518e-08,][0.9997,4.19629e-06,2.36168e-05,1.49452e-12,1.91142e-06,1.33096e-05,1.66958e-09,1.22137e-07,1.23625e-12,0.000256266,1.31708e-10,1.18041e-15,3.31147e-13,4.08096e-07,4.88996e-07,][0.999256,0.000609621,1.71992e-06,2.89437e-11,4.73205e-08,4.67859e-08,1.093e-11,1.10214e-12,1.41627e-12,5.34736e-05,1.609e-13,5.39951e-19,4.77124e-17,7.80341e-05,7.22965e-07,][0.995863,0.00369425,1.55155e-05,3.73722e-12,3.39996e-08,1.11142e-08,8.12691e-12,5.36881e-13,4.89864e-13,0.000200899,3.84197e-12,1.87548e-19,6.34665e-18,0.000226227,1.6787e-08,][0.999703,0.00023798,6.023e-07,1.9693e-13,1.31644e-08,1.51692e-08,5.50247e-12,1.33001e-14,1.09113e-14,4.77013e-05,5.65741e-13,8.28133e-21,3.24927e-19,1.09953e-05,1.41936e-09,][0.999916,7.36478e-05,2.88287e-07,5.72891e-14,1.59407e-09,1.44092e-09,2.15404e-11,7.46615e-15,1.35413e-14,8.47564e-06,1.25505e-13,5.60759e-22,1.15441e-19,1.83077e-06,1.30561e-09,][0.999047,0.000941969,7.59339e-07,1.24194e-14,6.01996e-10,2.671e-10,4.26327e-11,5.97593e-15,1.71777e-14,1.00366e-05,3.52792e-13,6.84649e-23,1.72295e-19,7.45727e-08,4.67814e-09,][0.997885,0.00203997,1.38436e-06,1.94231e-13,8.74439e-09,5.38218e-09,6.16858e-10,8.94492e-14,2.83861e-14,7.25067e-05,6.83036e-12,2.73982e-19,4.39329e-18,6.49669e-07,4.89348e-07,][0.999863,0.000121664,8.21154e-09,3.71942e-15,5.24127e-09,3.13895e-11,2.25515e-12,2.61633e-15,4.0938e-14,1.51849e-05,6.66e-12,3.5405e-21,6.13305e-18,3.08649e-09,5.06109e-08,][0.999996,3.1319e-06,9.22284e-09,2.12538e-14,1.49371e-08,4.22814e-11,2.07113e-12,5.42072e-14,1.27625e-13,4.71827e-07,1.96399e-13,1.91437e-20,2.2585e-18,5.79984e-11,4.3979e-09,][0.942067,0.00188667,8.87994e-07,8.80488e-10,3.58286e-06,1.27094e-05,1.12405e-07,3.37283e-12,8.27559e-14,0.056028,3.85723e-11,1.11974e-15,4.08584e-14,1.41998e-06,9.20149e-08,][0.999998,1.32215e-06,2.09362e-07,1.00407e-15,1.57631e-09,4.49725e-09,7.02647e-11,1.6532e-14,4.43115e-13,2.09333e-07,6.33825e-12,1.84267e-18,1.76972e-18,3.62185e-10,7.25006e-10,][0.999998,3.71897e-07,1.20473e-06,2.40697e-17,2.93022e-09,2.73218e-07,1.27106e-10,1.83347e-12,7.75023e-14,4.17829e-07,1.22279e-12,4.11263e-19,2.01537e-19,3.01368e-10,3.53038e-10,][0.999999,4.73046e-07,4.92325e-07,1.17201e-16,6.04059e-10,1.54246e-10,2.66802e-10,1.56872e-13,6.53347e-12,5.76706e-08,2.10565e-12,1.7244e-18,3.8093e-16,5.60727e-10,1.35856e-08,][0.999983,6.60783e-06,9.85238e-06,1.22415e-15,4.80021e-10,4.98343e-09,1.01679e-10,3.86576e-13,1.12643e-11,2.43556e-08,1.36368e-12,2.15032e-17,4.70591e-16,5.66607e-09,7.65219e-09,][0.999951,3.43515e-05,1.40206e-05,6.43775e-15,8.17032e-10,5.50134e-08,2.4588e-10,1.18979e-11,5.40067e-11,7.44906e-08,2.01492e-11,1.53613e-16,1.68685e-15,4.61039e-08,6.35047e-09,][0.996226,0.000798495,0.000526536,4.42977e-08,3.37746e-07,9.76691e-08,7.65293e-11,2.51307e-13,1.3379e-10,0.00240124,3.31098e-11,1.49441e-16,1.07705e-14,6.29348e-06,4.123e-05,][0.957405,0.0152281,8.87189e-05,1.7818e-08,2.6605e-06,1.23913e-07,8.28961e-10,1.69037e-14,5.94296e-12,0.0272137,3.50552e-12,6.81291e-16,2.85511e-13,5.29975e-05,9.01348e-06,][0.988218,0.000383497,1.1668e-06,1.51974e-08,9.20308e-09,6.57799e-08,2.09554e-11,7.8771e-16,7.86898e-13,0.0113643,5.20594e-13,1.20007e-18,2.45242e-14,3.32856e-05,1.05049e-08,][0.120607,5.18714e-05,1.57892e-06,2.09423e-09,3.5825e-10,5.38769e-07,1.36413e-10,1.60825e-16,1.37023e-13,0.879339,2.94533e-11,7.21194e-19,2.28536e-13,5.89066e-07,7.85935e-08,][0.0378674,5.6472e-06,4.81192e-07,1.69446e-10,3.61653e-11,1.76438e-07,3.2307e-09,7.8503e-17,4.23225e-14,0.962126,4.70955e-12,2.571e-18,2.83755e-13,2.08036e-07,2.7076e-08,][0.301814,6.18926e-08,5.44727e-07,2.76812e-14,2.1484e-12,4.228e-11,1.73019e-11,2.45617e-15,4.62313e-11,0.698186,6.9059e-09,1.87377e-16,1.60212e-17,7.08729e-11,1.99108e-09,][0.490953,0.00059584,2.8035e-05,1.71799e-09,3.24488e-08,3.04723e-09,4.8953e-10,3.6503e-11,2.3133e-11,0.508421,2.51736e-07,6.06522e-15,1.62533e-16,3.07891e-08,1.09809e-06,][0.0037659,2.98598e-07,1.441e-08,1.71218e-13,4.23831e-15,2.10504e-11,4.06084e-14,1.41495e-15,1.37601e-13,0.996234,1.52973e-11,1.27651e-20,1.33869e-14,8.88729e-10,2.70968e-12,][0.0396924,6.40633e-06,8.25771e-05,2.35915e-08,3.37382e-11,6.68982e-07,2.02277e-09,1.50696e-11,2.95888e-12,0.960216,1.96681e-10,4.92845e-17,2.89968e-13,8.69481e-07,1.5862e-06,][0.294066,6.27939e-06,0.000254057,6.59002e-07,1.11316e-11,4.32354e-07,4.48318e-09,2.33638e-11,2.91322e-10,0.705604,2.6306e-09,7.5795e-17,1.47599e-14,6.80751e-05,4.62606e-07,][0.167596,8.41187e-07,0.000261511,3.69232e-07,2.51177e-12,3.53715e-08,3.54068e-10,7.97037e-12,8.50251e-11,0.832086,1.86617e-10,9.92141e-17,7.45784e-15,5.45074e-05,2.40711e-08,][0.043429,4.79554e-07,5.71956e-05,2.13571e-07,3.64984e-12,4.97511e-09,2.01317e-10,4.8834e-12,7.80301e-11,0.95651,1.30703e-10,3.95073e-16,2.82788e-15,3.50166e-06,1.25065e-08,][0.0346883,1.08903e-06,6.89286e-05,3.46499e-07,1.33217e-11,7.95159e-09,1.5399e-10,5.24469e-12,1.17929e-10,0.965234,3.10919e-10,1.20491e-15,4.66111e-15,6.88575e-06,2.42264e-08,][0.0154105,1.45558e-06,7.4092e-05,5.53134e-07,1.37462e-11,1.02489e-08,2.82486e-10,9.33366e-12,1.1611e-10,0.984509,4.98942e-10,8.54558e-16,5.1213e-15,3.99919e-06,2.14287e-08,][0.0158937,1.48721e-06,7.86722e-05,5.84304e-07,1.53836e-11,1.11499e-08,2.97356e-10,9.34778e-12,1.18584e-10,0.984021,5.24838e-10,8.71638e-16,5.26253e-15,4.08122e-06,2.11253e-08,][0.0200687,1.4942e-06,8.30089e-05,4.77188e-07,9.75514e-12,1.71528e-08,2.43315e-10,7.47242e-12,5.83352e-11,0.979844,3.13232e-10,6.32835e-16,4.17267e-15,2.59713e-06,1.30906e-08,][0.0190212,1.9015e-06,9.76731e-05,6.31801e-07,1.21431e-11,1.84291e-08,3.44805e-10,1.11218e-11,7.0875e-11,0.980876,4.49614e-10,9.41448e-16,4.05451e-15,2.57732e-06,1.69581e-08,][0.0183564,1.22423e-06,5.34835e-05,1.33613e-07,1.42469e-11,1.29425e-08,1.506e-10,1.93296e-12,3.56664e-11,0.981587,2.22592e-10,2.93399e-16,1.99298e-15,1.38601e-06,3.97089e-09,][0.0110402,9.09327e-07,1.22446e-05,9.12528e-08,1.564e-11,2.12021e-08,1.07923e-10,5.23871e-13,4.38501e-11,0.988946,1.64453e-10,2.68772e-16,1.52425e-15,7.63317e-07,1.59622e-09,][0.0924599,4.15049e-07,0.000213434,8.00815e-09,1.01424e-12,2.297e-07,2.63846e-09,1.38875e-11,2.5734e-12,0.90732,9.89822e-13,1.09807e-16,1.63129e-14,5.78915e-06,1.57392e-09,][0.0420364,1.65323e-07,6.85009e-06,1.52652e-08,1.17523e-11,1.24631e-08,5.48344e-10,1.02621e-11,2.47538e-10,0.957956,3.71384e-11,8.35659e-17,3.17135e-15,4.68144e-07,1.1632e-09,][0.00104844,4.10385e-09,4.94622e-07,2.34215e-10,1.39405e-13,1.92243e-10,1.55775e-11,4.67212e-14,8.72894e-12,0.998951,2.88985e-13,5.11332e-19,7.54632e-16,2.5148e-09,6.6265e-12,][9.50448e-05,1.08058e-08,2.65629e-06,4.18961e-10,2.37818e-14,1.36413e-10,1.03954e-12,2.15123e-15,1.45202e-13,0.999902,3.97628e-14,1.07776e-18,5.05263e-16,1.04152e-09,1.02913e-11,][0.000119891,1.02674e-07,1.7098e-05,2.63941e-09,1.27113e-13,1.02469e-08,1.95121e-12,2.25518e-15,9.08846e-14,0.999863,3.17822e-13,1.17888e-18,7.49517e-16,1.19149e-09,5.00797e-11,][1.07363e-05,5.42963e-08,6.90152e-06,7.49798e-10,7.71106e-13,3.44215e-07,2.37013e-11,2.70561e-14,1.26098e-14,0.999982,2.24824e-13,1.50071e-17,3.24915e-16,4.75435e-10,2.38804e-09,][1.77916e-05,7.72725e-09,6.95327e-06,7.17885e-10,1.81247e-11,5.56631e-08,5.51682e-11,1.06845e-13,4.01658e-14,0.999975,1.02397e-11,5.64496e-18,2.04963e-15,6.37703e-10,3.22009e-09,][0.000457738,0.00291223,0.000125154,3.38263e-07,2.90124e-10,7.74817e-09,3.43324e-10,1.02311e-10,7.69429e-10,0.996503,1.14273e-09,1.49597e-15,1.84827e-10,1.85839e-06,5.86392e-08,][0.139985,1.79079e-06,1.46893e-06,2.26634e-10,1.16416e-10,1.64472e-08,1.96762e-10,3.16616e-16,4.48539e-15,0.860012,6.13918e-13,2.99316e-15,2.75789e-13,3.91719e-09,9.40915e-08,][0.416349,0.000961604,9.96391e-06,3.45289e-07,2.37045e-07,0.000141297,6.47342e-08,3.49329e-12,1.64098e-13,0.582421,1.4266e-10,1.61867e-16,2.75089e-12,0.000115971,3.69527e-08,][0.481183,2.61028e-05,5.24914e-06,1.29807e-09,2.1238e-06,5.4608e-08,8.34936e-09,5.51426e-13,5.87446e-12,0.518781,3.13079e-12,3.1778e-15,3.86488e-15,1.05681e-07,2.74636e-06,][0.999997,3.92014e-07,2.75437e-07,3.04038e-14,3.09069e-12,2.44893e-11,2.85889e-13,6.19788e-16,2.68423e-14,2.70654e-06,5.64266e-13,2.19851e-20,5.12217e-18,1.75574e-09,2.89484e-10,][0.999895,3.49063e-06,2.40485e-10,9.2671e-12,3.43963e-07,5.47089e-07,9.44326e-09,3.01668e-11,1.07873e-12,9.70622e-05,6.40915e-11,1.29075e-15,1.67306e-14,2.95394e-06,7.365e-07,][0.998163,9.86282e-06,2.76412e-08,2.23893e-13,2.02818e-10,7.26003e-10,9.86444e-11,1.23866e-15,3.31065e-12,0.00182692,3.46802e-10,1.75881e-18,1.67357e-14,6.51229e-09,7.73705e-08,][0.999936,3.03876e-06,1.07407e-06,3.90249e-10,2.27542e-14,3.45151e-11,1.09939e-10,1.2885e-14,1.13787e-10,5.98297e-05,5.32853e-11,1.15948e-20,2.87395e-17,4.57562e-10,2.29905e-11,][0.868326,0.0939161,0.00671484,8.44493e-06,1.19804e-07,1.18108e-08,1.58592e-09,5.48484e-08,6.64157e-07,0.0304447,0.000582468,5.62882e-21,6.57593e-12,6.6134e-06,2.36101e-07,][0.00362855,0.000663195,0.0128771,3.66404e-07,1.03712e-12,4.57612e-08,7.15716e-09,6.51701e-11,7.72797e-10,0.982745,5.74877e-08,9.3053e-21,1.84893e-12,8.60692e-05,1.54981e-11,][0.50459,0.000129945,0.21862,9.32453e-06,2.16975e-13,8.17737e-08,1.18462e-08,1.04186e-09,1.37478e-08,0.273703,7.89814e-08,3.96266e-20,1.98351e-10,0.00294777,4.58298e-11,][0.861964,7.39679e-05,0.100329,2.09091e-06,3.35514e-14,1.10956e-08,1.39223e-09,4.15698e-11,1.64941e-08,0.0375555,7.34373e-09,7.36128e-22,6.29093e-12,7.58282e-05,1.14387e-12,][0.801542,4.2984e-05,0.151522,8.22298e-07,2.84105e-14,1.15642e-08,5.31424e-10,2.64408e-11,1.4177e-08,0.046656,2.08788e-09,1.96346e-21,6.60102e-12,0.000236155,7.53604e-13,][0.921477,1.95782e-05,0.025526,3.23946e-07,2.57067e-14,5.25872e-09,2.42405e-10,7.48437e-12,9.92219e-09,0.0529086,7.02425e-10,2.4385e-21,1.05204e-12,6.89303e-05,9.56121e-13,][0.920176,2.00479e-05,0.0278124,2.40317e-07,1.62578e-14,3.98555e-09,7.85199e-11,3.38741e-12,6.583e-09,0.0519462,4.84007e-10,1.46104e-21,6.35286e-13,4.52547e-05,5.84589e-13,][0.927923,1.94529e-05,0.0321405,1.06287e-07,1.13399e-14,2.97927e-09,3.53822e-11,1.93487e-12,5.57728e-09,0.0399021,1.9731e-10,6.74644e-22,5.33769e-13,1.54009e-05,3.63391e-13,][0.945663,1.74331e-05,0.0132289,5.13932e-08,1.1949e-14,1.9422e-09,6.14995e-11,1.40052e-12,5.03493e-09,0.0410803,8.59686e-11,1.91706e-21,2.22311e-13,1.04306e-05,3.76961e-13,][0.942867,2.50039e-05,0.011754,5.23745e-08,1.26802e-14,1.54506e-09,6.54794e-11,1.50633e-12,4.90685e-09,0.0453434,9.37629e-11,1.96633e-21,2.26111e-13,1.06282e-05,3.81115e-13,][0.919227,2.87882e-05,0.0113659,1.91997e-08,9.85232e-15,5.34675e-10,3.8604e-11,1.32268e-12,1.74003e-09,0.0693693,6.88727e-11,6.2813e-21,2.17807e-13,8.92092e-06,3.05736e-13,][0.837115,6.02379e-06,0.0101682,5.66143e-09,6.50173e-15,4.34481e-10,3.35558e-11,6.77946e-13,2.91118e-10,0.152704,5.28588e-11,3.03694e-21,3.47398e-14,6.89961e-06,2.01004e-13,][0.677911,6.10956e-05,0.0129484,2.37732e-07,4.24242e-14,1.13413e-09,3.10962e-09,1.33078e-12,1.70551e-09,0.309061,9.33063e-10,4.59001e-21,1.99461e-14,1.87551e-05,2.54786e-12,][0.955403,0.00115354,0.0185455,2.26974e-07,2.15961e-13,3.98165e-10,3.92876e-10,1.97576e-11,1.05506e-07,0.0245523,1.7756e-08,5.632e-21,2.77118e-12,0.000345007,4.28904e-12,][0.993088,3.55141e-08,0.0067911,2.61932e-09,1.78688e-15,5.05682e-13,9.27177e-12,2.55333e-14,6.09078e-09,2.64111e-05,9.29348e-13,1.51872e-20,1.03561e-12,9.49802e-05,3.17127e-11,][0.998834,1.5181e-06,0.000352394,1.10358e-10,1.09428e-13,2.4439e-12,7.04449e-12,7.36556e-15,1.41247e-11,0.000812167,5.37784e-13,2.33635e-22,1.76865e-14,1.60566e-08,3.54682e-12,][0.999925,3.95357e-08,3.21654e-05,3.67625e-14,1.13248e-13,3.91755e-13,1.21613e-11,7.01318e-14,3.6472e-13,4.28066e-05,4.69619e-14,2.46668e-23,2.619e-17,1.5034e-10,7.9175e-13,][0.988472,3.11784e-05,0.000159024,5.93822e-12,6.26485e-11,3.24502e-10,7.77099e-11,6.5504e-15,2.04561e-15,0.0113379,3.42664e-15,1.55211e-20,5.12615e-16,4.01981e-10,4.81338e-09,][0.978847,2.33852e-05,6.13811e-05,1.11284e-09,1.0729e-09,1.80563e-08,8.49588e-11,5.42149e-15,3.01048e-15,0.0210675,4.98836e-13,2.37442e-18,3.64688e-14,1.26915e-08,4.31804e-07,][0.904036,6.14159e-05,2.83967e-05,7.67298e-10,2.95315e-08,2.97254e-07,3.81914e-11,9.97808e-14,1.83011e-15,0.0958717,3.21977e-13,2.58984e-16,2.24649e-13,1.23025e-06,6.19821e-07,][0.295188,0.618338,3.40379e-05,2.40487e-08,8.99249e-12,1.56883e-05,1.7919e-08,3.34429e-12,5.89299e-11,0.0833794,8.37761e-12,9.07916e-16,1.01851e-12,0.000904152,0.00214088,][0.00968561,0.000341978,0.0015172,5.19056e-09,4.99355e-11,2.99627e-07,2.40596e-10,3.1134e-12,2.82336e-12,0.988455,1.04089e-09,2.13035e-18,3.16755e-13,1.40283e-07,1.32242e-07,][0.656707,5.13358e-05,1.78895e-06,1.78389e-09,4.97995e-11,2.10211e-07,1.04823e-09,2.02779e-12,1.25782e-13,0.34324,1.09379e-11,1.12703e-16,2.8598e-15,1.06932e-07,7.84181e-09,][0.658571,7.00367e-05,0.000314102,1.23989e-10,4.45574e-10,3.24461e-06,4.59145e-11,4.69653e-13,1.67501e-12,0.341041,1.59573e-09,5.06103e-17,1.03659e-14,7.14196e-08,5.23899e-07,][0.835749,1.65658e-05,4.26508e-05,1.5282e-10,9.58007e-11,1.86466e-07,9.18417e-12,9.29329e-13,1.98455e-12,0.164191,1.36272e-09,3.78486e-18,5.92617e-16,1.17674e-07,9.58904e-08,][0.970935,2.33164e-05,3.27272e-05,4.9738e-10,4.13668e-12,1.48881e-08,1.64666e-11,8.36518e-13,8.2558e-12,0.0290081,8.54664e-10,3.34697e-19,8.02432e-16,5.41542e-07,3.51227e-08,][0.827999,0.000105565,0.000420199,3.72229e-08,2.26327e-11,2.91748e-07,1.5507e-09,3.19828e-10,5.9844e-11,0.171446,3.13112e-09,3.99157e-18,1.93668e-14,2.85836e-05,1.4557e-07,][0.344197,0.000142802,0.00190014,2.86589e-08,1.05664e-10,2.32751e-06,9.82218e-10,7.4457e-10,5.07268e-11,0.653741,1.96889e-08,2.00914e-17,1.80254e-13,1.59914e-05,9.55847e-07,][0.698756,3.50989e-06,0.000102104,2.14265e-08,6.47045e-12,2.01411e-07,5.15877e-10,9.42393e-11,2.24505e-11,0.301114,4.4447e-09,1.38158e-17,6.77766e-14,2.33693e-05,6.90876e-07,][0.0570746,4.0957e-06,6.47472e-05,1.31662e-08,2.22956e-12,6.93935e-07,6.64158e-10,2.21957e-11,2.99113e-12,0.942852,1.28716e-08,2.50672e-17,6.18515e-14,3.94938e-06,3.41131e-07,][0.00338649,2.73854e-06,7.83897e-06,3.35337e-09,2.30547e-12,3.16316e-08,2.06014e-10,2.65249e-12,7.96137e-12,0.996602,1.78505e-09,1.19737e-16,4.30901e-15,7.12838e-07,1.26001e-07,][9.77833e-05,6.40584e-08,3.67263e-07,7.58103e-10,1.24173e-12,4.21905e-10,9.99799e-12,3.60818e-12,1.29838e-12,0.999902,2.97681e-12,1.0246e-16,1.42134e-14,1.68692e-08,5.94966e-08,][0.000286301,5.61412e-07,1.15687e-06,4.03328e-09,5.32979e-13,8.83411e-09,7.39846e-11,7.12287e-12,1.7276e-12,0.999711,3.89846e-11,9.58206e-16,1.15631e-14,2.15339e-08,4.63932e-07,][0.00288084,1.6542e-06,9.23352e-07,1.44762e-09,3.23058e-12,1.59552e-08,1.51774e-10,7.46078e-12,3.46596e-12,0.997116,3.93764e-11,1.25241e-15,1.06212e-14,4.92452e-08,1.2341e-07,][0.00440243,4.59848e-07,1.07049e-06,1.30606e-09,5.37264e-12,1.38926e-08,6.82464e-11,2.02778e-12,2.71662e-12,0.995596,6.13029e-11,4.45081e-16,1.22278e-14,3.81834e-08,5.3866e-08,][0.0130928,1.81713e-06,2.32059e-06,1.06047e-09,3.98469e-11,7.48126e-08,1.84618e-10,1.55166e-11,2.19983e-12,0.986902,3.97026e-10,1.13349e-15,2.90449e-14,3.40746e-07,8.91766e-08,]]