[[0.000132879,2.25414e-06,1.01246e-08,0.000268583,1.46706e-07,0.912932,1.85344e-05,2.33103e-07,1.92943e-05,8.62278e-08,2.48453e-06,0.0866237,3.59954e-10,4.86859e-11,1.62997e-08,][3.83798e-05,3.20959e-06,5.92518e-09,0.00053651,6.54007e-08,0.569169,7.00277e-06,4.34482e-07,1.15736e-05,6.81638e-08,1.98826e-07,0.430233,5.45418e-10,5.62246e-11,1.23043e-08,][1.35124e-05,1.4505e-05,4.42932e-09,0.000332758,4.07055e-08,0.531172,9.3174e-07,1.86737e-06,2.20297e-05,3.89643e-08,1.43385e-07,0.468443,4.25441e-10,1.99395e-11,4.42705e-09,][3.41125e-05,5.97527e-06,1.59176e-08,0.00305915,2.68684e-07,0.397102,8.94897e-06,1.73164e-06,3.4799e-05,2.49407e-07,3.59821e-07,0.599752,2.32826e-09,5.56972e-11,3.42769e-08,][7.50864e-05,9.15805e-05,6.2104e-08,0.0111319,3.85516e-07,0.0401682,1.91986e-06,7.12881e-06,0.000114567,1.08475e-06,3.25756e-06,0.948405,1.59168e-08,7.9321e-11,5.39099e-08,][0.000299177,0.000369146,2.43487e-07,0.0649667,9.56682e-07,0.0448469,1.16521e-06,3.84095e-05,0.00060823,7.43852e-06,1.83566e-05,0.888843,7.61671e-08,2.84592e-10,1.99743e-07,][0.000572089,0.00136156,2.89891e-06,0.211862,4.42384e-06,0.258876,4.05891e-06,0.00037594,0.00111033,1.49532e-05,4.5694e-05,0.52577,3.09495e-07,1.27036e-09,1.76819e-07,][0.000551446,0.00575514,2.17359e-06,0.427704,4.14951e-05,0.14818,2.76482e-06,0.000155073,0.00215559,9.61607e-05,0.000135028,0.41522,2.62632e-07,2.93688e-09,6.54425e-07,][0.000526469,0.0107388,2.61576e-06,0.240826,0.00131333,0.136072,3.48414e-06,0.00141376,0.000951649,0.000269482,0.00194395,0.605936,1.0453e-06,5.96966e-08,1.67646e-07,][0.00111413,0.00139135,2.74604e-07,0.000558147,6.48527e-06,0.107473,8.97187e-06,0.00442646,0.000587857,0.00112713,2.86775e-05,0.883272,5.09638e-07,5.55028e-06,3.81024e-08,][0.00082398,0.00233832,0.000214351,0.184887,0.00463465,0.022044,3.81734e-06,0.00531586,0.00175734,0.0363889,0.00218335,0.739377,3.0214e-05,6.45632e-08,6.76287e-07,][0.000782879,0.226379,0.0178857,2.74963e-05,0.000510372,0.578539,0.000109303,0.00090439,0.0594741,0.001212,0.0120096,0.101899,3.81517e-06,0.000257732,4.74328e-06,][0.00547816,0.964446,0.000153938,1.38685e-07,7.10658e-06,0.00291578,6.39809e-06,9.84875e-06,0.00074877,6.3491e-08,4.27848e-06,0.0262174,1.87116e-08,1.17009e-05,1.68551e-08,][0.000233327,0.988867,8.17893e-06,1.56041e-09,2.18917e-07,0.000168145,4.89344e-08,2.99375e-07,9.8455e-06,1.4338e-08,2.53261e-08,0.0107128,3.37553e-10,2.10968e-07,6.51436e-10,][0.209564,0.77288,0.000401322,2.00704e-06,1.09949e-06,0.00248864,6.13e-07,2.00875e-07,5.69814e-06,9.57693e-08,4.3297e-08,0.0146558,5.04531e-09,2.24006e-07,6.50167e-10,][0.00179671,0.994153,1.73051e-06,3.59223e-06,2.26495e-06,7.15191e-05,4.36156e-08,1.28056e-06,1.17271e-06,3.35095e-07,3.90033e-08,0.00396839,6.11854e-09,3.56495e-08,1.165e-10,][0.000619419,0.0724611,0.000270939,2.9814e-07,4.98464e-07,0.91493,1.25263e-06,6.56074e-07,3.95055e-06,2.61463e-09,9.20738e-08,0.0117123,9.02834e-13,8.41966e-10,5.74017e-12,][0.000560543,0.421635,0.00111743,1.21473e-07,1.29086e-06,0.526779,3.97577e-06,2.46361e-06,3.003e-06,1.25706e-08,1.55586e-07,0.0498964,4.18578e-12,6.02894e-09,5.27909e-11,][0.000357537,0.721778,0.000138837,4.12498e-07,1.13502e-06,0.267752,4.76032e-06,2.71245e-06,2.33434e-06,1.15571e-08,1.56977e-07,0.00996196,6.91892e-12,1.16725e-08,1.08086e-10,][0.000149831,0.323254,5.36848e-05,2.34813e-06,1.08525e-06,0.653704,1.89695e-06,3.14523e-06,1.00466e-06,1.24404e-08,2.588e-07,0.0228287,2.13001e-11,3.78486e-09,4.04756e-10,][0.000310245,0.166221,3.65913e-05,3.2584e-06,3.38512e-06,0.820403,1.06376e-06,3.18722e-06,1.95779e-06,7.87793e-09,2.2238e-07,0.0130159,1.37717e-11,2.95529e-09,2.36997e-10,][0.000165696,0.0515834,2.49239e-05,4.79732e-06,3.04532e-06,0.934098,6.95348e-07,4.47425e-06,1.10543e-06,1.19511e-08,2.44712e-07,0.0141136,1.48758e-11,2.28105e-09,2.01214e-10,][0.000345589,0.148773,6.24349e-05,9.39092e-06,4.57736e-06,0.840542,9.94521e-07,1.36175e-05,1.16777e-06,9.45645e-09,3.24549e-07,0.0102467,5.32343e-11,3.5246e-09,2.88639e-10,][0.000557387,0.319451,0.000172274,2.67024e-05,5.38599e-06,0.657678,8.55225e-07,4.25679e-05,4.02558e-06,1.44787e-08,6.24909e-07,0.0220618,1.98134e-10,8.53784e-09,6.60012e-10,][0.000867133,0.678571,0.000304301,3.50089e-06,4.96435e-06,0.313127,1.0559e-07,2.07181e-05,1.05637e-06,5.80526e-09,4.49552e-08,0.00709994,8.33062e-11,7.76991e-09,3.42403e-10,][0.00166336,0.923123,0.000182333,1.10892e-06,2.67959e-06,0.0743336,1.2786e-07,1.79899e-05,3.79716e-07,2.7665e-09,3.9185e-08,0.000675302,4.71441e-11,3.19299e-08,1.79581e-10,][0.000674986,0.996076,1.35677e-05,4.65069e-07,7.56244e-07,0.00299965,2.43142e-08,2.79674e-06,3.23729e-08,2.40445e-10,3.20227e-09,0.000231895,9.1541e-12,2.00089e-09,1.22979e-11,][0.000228952,0.997737,1.70121e-06,1.47814e-07,3.09316e-07,0.00155734,4.8392e-09,3.2589e-07,1.53336e-08,8.85426e-11,1.36466e-09,0.000474355,2.46072e-12,3.2557e-10,2.6585e-12,][0.00587441,0.969984,6.43825e-06,5.29876e-07,1.30522e-06,0.016634,4.29278e-08,8.99129e-07,1.0567e-06,3.31769e-10,4.09671e-09,0.00749756,5.72705e-11,1.34893e-08,9.62989e-11,][3.36283e-05,0.997299,2.51009e-07,6.41109e-08,2.30763e-08,0.00178113,3.31587e-09,6.3459e-07,1.22461e-07,8.5825e-11,7.09317e-10,0.000885198,2.91024e-12,8.13254e-10,5.00742e-11,][0.00011135,0.997998,8.48712e-06,3.84364e-09,2.73425e-08,0.000922447,4.32778e-08,9.79365e-07,9.45166e-07,1.48225e-11,6.31407e-10,0.000957251,1.34532e-12,1.17401e-09,4.62701e-11,][8.72454e-05,0.998705,2.66152e-06,1.74627e-08,4.36021e-09,0.000138229,1.51026e-09,5.96008e-07,3.39007e-06,1.52382e-10,8.7321e-09,0.00106279,6.21753e-12,2.15968e-09,2.78854e-11,][0.671681,0.00542197,0.275767,2.80849e-07,1.05919e-05,0.000143926,0.000230531,1.69658e-07,0.0423831,8.52192e-10,1.9244e-07,0.00435953,9.47174e-10,3.40668e-10,2.06894e-06,][0.000322023,3.72073e-06,0.127831,2.66823e-08,0.600407,1.6216e-05,0.00288357,4.49621e-05,0.268393,1.45112e-09,1.87929e-06,9.48487e-05,6.18401e-09,8.19407e-10,1.6271e-06,][8.2542e-07,6.18938e-08,0.0120113,2.00148e-08,0.973455,4.54366e-07,0.00642586,3.27362e-09,0.00810225,2.46255e-11,7.93028e-09,4.52988e-06,1.62405e-11,6.80511e-11,5.91297e-08,][8.01377e-07,1.66528e-08,0.00018148,2.62136e-08,0.89793,5.45262e-07,0.0964494,2.88563e-10,0.00542817,5.1845e-11,6.34327e-07,9.12168e-06,4.5297e-12,1.01785e-09,1.79411e-08,][6.36325e-07,6.45104e-09,0.000128164,1.89207e-08,0.940929,3.77832e-06,0.0501501,3.12309e-10,0.00877219,7.13468e-10,7.52543e-07,1.51979e-05,2.81189e-11,1.92687e-09,2.83532e-08,][2.90187e-06,2.84964e-09,3.42208e-05,4.43767e-08,0.98166,5.77528e-06,0.0115845,4.87552e-10,0.00669713,1.39759e-09,2.37738e-06,1.32652e-05,2.79203e-11,2.34951e-09,4.3859e-08,][9.77838e-07,8.73534e-10,6.86531e-05,1.47824e-08,0.978323,3.74555e-06,0.00960903,1.48946e-10,0.0119895,8.85793e-10,7.91729e-07,4.04047e-06,9.04475e-12,1.08474e-09,4.11794e-08,][2.91434e-06,5.54351e-10,6.2268e-05,1.38799e-08,0.981392,4.65821e-06,0.014134,1.72374e-10,0.00440098,9.81807e-10,2.65364e-07,3.04079e-06,7.08426e-12,7.36118e-10,7.18206e-08,][9.92711e-06,8.54909e-10,0.000119302,1.11389e-08,0.995169,2.22753e-06,0.00250361,9.0645e-10,0.0021939,2.34383e-10,4.30442e-07,1.75016e-06,2.7703e-12,3.63686e-10,9.55219e-09,][8.95714e-06,3.40985e-09,0.000132025,8.4273e-10,0.997918,3.93685e-07,0.00033358,9.69736e-10,0.00160559,6.52659e-10,3.39722e-07,1.06765e-06,3.07559e-12,7.58025e-10,3.97901e-09,][1.17538e-07,5.24755e-07,0.999999,7.73495e-14,1.71877e-07,2.26828e-10,2.62824e-08,3.61565e-13,3.12259e-08,7.85032e-14,1.76366e-10,1.28243e-10,1.03742e-15,1.596e-10,2.89304e-10,][1.6018e-07,1.98352e-06,0.999995,1.5022e-13,5.01856e-07,6.96525e-12,2.71696e-07,2.44714e-13,1.78072e-06,1.92127e-14,1.55632e-09,2.84361e-09,3.08414e-14,5.84808e-12,9.23983e-11,][1.81676e-05,2.4942e-05,0.924641,8.63662e-11,0.0746283,9.34545e-09,0.000462618,2.6868e-11,0.000223401,5.16553e-11,1.64182e-07,1.88236e-06,1.46835e-13,5.42855e-10,8.15708e-08,][1.72378e-05,8.24555e-05,0.999102,9.47705e-14,0.000760755,9.63449e-09,3.03632e-05,7.55375e-12,7.34895e-06,1.7415e-14,2.96282e-08,8.47388e-09,5.91085e-14,3.23846e-10,5.22569e-10,][1.25593e-07,1.67965e-07,0.999996,1.01964e-13,1.14036e-06,2.34547e-11,1.02057e-06,3.7218e-13,4.92492e-07,1.47373e-12,6.54791e-10,7.9481e-07,1.92218e-14,1.03757e-10,8.04862e-11,][3.76022e-08,2.17554e-07,0.99999,3.77402e-14,1.07343e-06,6.23432e-11,5.88884e-06,3.95945e-14,2.38983e-06,1.06078e-12,9.33188e-10,5.65208e-07,1.31613e-14,6.23199e-11,4.04503e-10,][1.85232e-08,2.96941e-08,0.999988,1.74994e-14,5.27747e-07,2.20295e-11,1.0957e-05,5.41738e-15,2.30446e-07,2.28514e-13,2.34258e-08,3.36384e-07,1.37387e-14,4.48804e-11,2.66183e-10,][1.6491e-06,3.96164e-06,0.979276,2.09438e-11,0.000117342,1.60865e-08,0.0204846,1.03252e-13,1.40055e-06,6.96786e-11,1.02709e-06,0.000113772,3.09685e-14,3.8778e-08,6.48584e-08,][1.53121e-05,4.17964e-06,0.00811663,2.44531e-09,0.222495,1.5743e-05,0.769168,8.69078e-10,0.000125002,2.00127e-09,1.04356e-05,4.95058e-05,2.9938e-10,1.2851e-09,1.60188e-07,][1.09937e-07,3.65833e-09,2.56163e-05,1.37741e-09,0.0117313,1.65349e-06,0.988196,8.25373e-12,3.9066e-05,2.71646e-12,5.52224e-06,6.9778e-07,2.8633e-12,4.06367e-11,1.13216e-07,][0.000511619,0.00117337,0.993807,2.31848e-08,0.000421134,6.82452e-06,1.27306e-05,1.16414e-08,0.00392833,3.50148e-07,5.87564e-05,7.93503e-05,4.35356e-11,2.10636e-07,1.00353e-07,][1.28398e-06,5.91062e-05,0.632446,5.88757e-13,2.51791e-07,1.93501e-06,0.367432,8.09366e-11,5.4814e-05,6.57503e-11,2.45606e-07,4.62468e-06,1.34054e-11,3.0394e-09,3.64938e-07,][3.37382e-06,6.78033e-08,0.00129081,2.88879e-08,0.936554,1.07296e-05,0.0089325,4.65923e-06,0.0351752,3.3766e-08,0.0170314,0.000976954,6.72184e-10,6.22855e-08,2.00325e-05,][0.00852166,0.00438063,0.790137,1.31066e-08,0.172343,9.67089e-05,1.73107e-05,2.61403e-05,0.0146589,0.000269889,0.000595096,0.00882082,1.43734e-08,0.000129472,2.94265e-06,][0.0166143,0.00111311,0.580386,3.05495e-09,0.338141,8.45724e-06,6.74311e-06,4.40841e-05,0.0551493,0.000271623,0.000170551,0.00798764,1.42716e-07,0.000106909,2.32318e-07,][0.000267549,0.000391001,0.926918,9.51167e-10,0.0568593,5.55566e-06,6.45253e-05,4.64963e-07,0.0142711,2.05593e-06,7.25897e-05,0.00113776,1.1367e-08,1.0399e-05,7.71039e-08,][2.0881e-05,5.55282e-05,0.983152,7.84264e-11,0.0145138,7.57247e-07,1.69156e-06,7.43629e-09,0.00203157,3.21863e-07,5.03895e-06,0.000216744,5.25674e-10,1.79681e-06,5.7007e-09,][0.0291736,0.0243949,0.835473,3.97205e-10,0.109073,0.000143334,0.000303362,1.78215e-07,0.000199705,8.44519e-08,0.00111673,0.000109021,3.87309e-08,1.25199e-05,7.77313e-09,][0.00109151,0.000104314,0.52879,4.79739e-09,0.463408,1.89403e-06,2.71989e-06,2.70594e-06,0.00519222,5.6028e-06,5.58595e-06,0.00139482,5.9819e-08,5.21457e-07,1.63206e-08,][0.01776,0.198543,0.67081,6.42098e-09,0.0532315,0.00321519,0.00939489,2.25839e-06,0.037332,4.31277e-06,0.00880056,0.000797841,7.29503e-07,0.000107758,4.34654e-08,][1.41239e-05,1.08328e-06,0.0124685,3.66197e-06,0.0666407,6.47494e-06,0.0163961,4.94057e-07,0.899993,3.38318e-06,8.37262e-05,0.00432426,1.01182e-08,2.33072e-07,6.46629e-05,][1.68056e-05,1.05228e-06,0.00171478,4.13143e-06,0.0554583,2.90626e-06,0.0023433,3.78325e-07,0.939109,7.26392e-07,3.99397e-06,0.0012694,3.95395e-09,1.14488e-08,7.47217e-05,][9.4208e-05,0.0396967,0.646938,9.36306e-12,4.11316e-05,1.22104e-05,0.299089,2.81156e-09,0.0078683,1.2119e-09,0.00608362,0.000166546,5.60127e-09,1.97176e-07,9.65893e-06,][8.63795e-05,1.71842e-05,0.00328115,3.10354e-07,0.270451,0.00255113,0.359407,1.15613e-07,0.35037,3.60071e-08,0.00023459,0.0134407,2.97001e-08,1.5508e-06,0.000159466,][0.000596935,0.000201779,0.980858,1.62748e-08,0.0119976,2.72384e-06,0.00177355,1.25299e-09,0.00306903,3.15307e-08,0.00147421,2.03959e-05,3.62451e-10,2.17593e-07,5.16844e-06,][0.000639455,0.0132108,0.748149,2.9904e-09,0.106007,0.00066201,0.0485325,8.35067e-07,0.0823189,1.83905e-08,7.82169e-05,0.000392335,2.08748e-08,2.55009e-06,7.24071e-06,][1.82266e-06,1.01127e-06,0.999973,3.12219e-13,2.1092e-05,1.16828e-10,1.28799e-06,4.7692e-11,1.75196e-06,7.82175e-13,2.42496e-07,1.66729e-08,2.23558e-13,3.32876e-09,2.7821e-09,][4.6577e-06,5.29783e-06,0.99474,2.01824e-10,0.00285165,1.55303e-07,0.00157875,3.49179e-09,0.000799575,4.38679e-11,6.77988e-07,1.86052e-05,1.58387e-10,9.82496e-08,2.05946e-08,][1.45207e-05,1.29072e-05,0.998412,1.14184e-10,0.00154782,2.71081e-09,1.1255e-06,5.97342e-11,8.50736e-06,1.1863e-10,2.06048e-06,7.49054e-07,1.14963e-11,8.31171e-10,3.06418e-08,][1.43687e-05,1.60056e-05,0.999523,1.4587e-10,0.000435693,3.83711e-09,6.49428e-08,5.01553e-11,7.45904e-06,1.35356e-10,1.47657e-06,2.13174e-06,2.94801e-11,6.92673e-09,2.7531e-08,][3.05017e-05,0.000389034,0.995952,7.5883e-10,0.00296002,1.0954e-08,6.25044e-07,2.53916e-09,0.000632378,4.43977e-09,5.17587e-06,2.88516e-05,2.69341e-10,8.9281e-07,9.45571e-08,][7.20598e-05,0.000122218,0.510482,1.69811e-08,0.15454,6.696e-05,0.325929,3.05613e-09,0.0072676,1.26928e-08,0.000333595,0.00116498,3.14809e-10,5.02315e-07,1.96527e-05,][0.000424147,8.71326e-06,0.0401254,9.57835e-08,0.942634,0.000334038,0.0142553,6.70727e-09,0.00116237,3.08654e-09,0.000502167,0.000552571,2.25262e-10,8.07024e-08,1.25132e-06,][0.000122993,8.31977e-07,0.0403119,1.56348e-07,0.957554,5.1645e-05,0.00128035,2.62711e-09,0.000369122,8.42951e-11,3.86844e-05,0.000270664,5.61713e-11,6.74889e-09,1.63235e-07,][8.38392e-05,1.46276e-06,0.0106546,4.44233e-08,0.987935,3.26926e-06,0.000436551,1.11596e-09,0.000832606,2.78418e-11,1.01994e-06,5.13787e-05,6.82376e-10,5.56603e-09,1.71483e-07,][7.6197e-05,2.05806e-06,0.159101,1.21118e-08,0.840117,2.14292e-06,9.19628e-05,2.60522e-09,0.000590866,2.66108e-11,3.63685e-07,1.85342e-05,2.13573e-09,3.63873e-09,1.93051e-07,][0.000854504,4.25548e-05,0.459815,2.44297e-08,0.538026,3.55568e-07,8.87061e-05,1.34446e-08,0.00113832,1.96402e-10,1.47398e-05,1.87825e-05,1.11628e-09,3.99013e-08,8.97541e-07,][0.000232081,0.00344237,0.651513,3.81561e-09,0.0634029,1.11927e-05,0.00294233,1.50963e-07,0.277968,7.91857e-09,6.20251e-05,0.000424414,5.41012e-09,4.36634e-08,1.94654e-06,][0.00854013,0.00180036,0.278928,6.09112e-08,0.442618,6.79618e-06,6.90488e-05,2.70217e-07,0.265741,2.99803e-08,2.74145e-06,0.00222814,2.49868e-08,1.17685e-06,6.39496e-05,][3.11197e-06,1.82806e-07,0.00668719,2.58836e-08,0.218922,5.67756e-05,0.762727,8.29225e-10,0.0114736,3.30156e-10,1.53471e-05,0.000113887,6.47035e-10,2.63411e-08,1.16405e-06,][0.000264414,2.55144e-06,0.0119831,3.80597e-07,0.581379,0.000103595,0.402498,3.63815e-09,0.0034764,9.17229e-10,0.00012755,0.00016348,4.1564e-10,2.05936e-08,2.05933e-06,][0.000978184,9.38754e-05,0.997612,3.32229e-11,0.000847274,2.37186e-09,5.86509e-07,2.84542e-10,4.40783e-05,7.68913e-09,0.000362025,6.19477e-05,4.9988e-11,5.00866e-07,3.58445e-08,][3.57127e-05,1.09456e-06,0.999879,1.18765e-12,4.89207e-05,4.64504e-09,1.83223e-05,2.45237e-12,8.63463e-06,4.34058e-11,3.30038e-06,4.72747e-06,8.32299e-12,4.50491e-08,6.53569e-09,][4.92942e-05,0.000133294,0.999466,2.05353e-11,0.000285949,3.74009e-08,9.89676e-06,2.18352e-11,4.22768e-05,2.43828e-11,7.70738e-06,4.98452e-06,4.16584e-10,3.83418e-07,7.23224e-09,][4.84697e-06,6.44147e-06,0.93141,7.0436e-10,0.0629634,6.71759e-08,0.00171709,1.55708e-10,0.00115528,7.3202e-10,0.00200555,0.000734502,1.1315e-11,6.67545e-08,2.7391e-06,][3.56812e-05,1.06977e-06,0.00661828,4.00611e-08,0.310907,0.000252647,0.675499,3.57357e-07,0.00296863,5.16386e-08,0.000770016,0.00293045,4.01001e-09,3.85404e-06,1.27203e-05,][1.01176e-07,7.62507e-08,0.000212919,2.4755e-09,0.000912114,2.14831e-05,0.998008,2.19771e-09,0.000732562,1.52462e-09,3.78986e-05,7.32636e-05,6.77867e-10,2.07258e-08,1.91813e-06,][1.64729e-08,1.29255e-07,1.66837e-05,1.78997e-09,0.000182005,0.000160832,0.994308,3.63196e-09,0.00522397,1.78093e-09,5.70736e-05,5.10788e-05,9.46033e-10,1.28198e-07,4.68514e-07,][2.501e-09,9.28395e-08,1.18245e-05,4.82999e-10,2.08289e-05,0.000272955,0.998177,9.06037e-10,0.0014557,1.74683e-10,1.90139e-05,4.25456e-05,1.17062e-10,1.67915e-08,2.14143e-07,][1.44857e-09,1.04993e-08,1.38825e-06,2.49198e-11,5.13473e-05,4.39727e-05,0.999445,9.09275e-11,0.000449377,1.06823e-11,2.48937e-06,6.23972e-06,2.31805e-12,3.04532e-09,6.81017e-08,][4.64636e-08,1.98264e-07,0.000209922,2.22655e-10,1.69998e-05,0.000201547,0.999452,3.3656e-10,0.000113256,7.60463e-12,1.68285e-06,1.80064e-06,2.66916e-10,4.19528e-08,2.56699e-06,][2.3603e-08,2.0158e-07,2.26144e-05,2.22285e-10,0.000723034,1.29923e-05,0.992436,2.32979e-10,0.00676214,5.61105e-10,1.33635e-05,2.98503e-05,1.70822e-10,8.17313e-09,2.31012e-07,][7.94002e-09,1.01434e-07,2.51551e-06,2.98006e-10,0.000128624,0.000184648,0.996344,3.47923e-10,0.00332006,8.63198e-11,7.17683e-06,1.27075e-05,5.70832e-11,3.77198e-09,1.50874e-07,][2.54023e-09,3.59168e-08,1.08772e-05,1.76569e-10,0.000128271,0.000130065,0.969382,2.39239e-10,0.0303209,5.23982e-10,4.16932e-06,2.34508e-05,6.90803e-11,8.48595e-09,4.29096e-07,][4.37526e-08,6.31989e-07,0.000280603,7.47823e-09,0.00336964,6.55581e-05,0.772559,6.86466e-09,0.223656,2.30969e-09,1.83545e-06,6.60313e-05,4.38272e-11,2.71144e-08,8.07603e-07,][7.18131e-07,6.51647e-06,0.935641,3.15094e-10,0.000208963,9.42752e-06,0.0544244,1.74211e-09,0.00969889,9.60569e-11,2.22331e-08,2.87731e-07,4.0616e-11,4.04206e-11,9.45382e-06,][1.12459e-06,1.20647e-06,0.78791,3.29022e-09,0.212027,4.15798e-09,1.02335e-05,1.08381e-11,3.91026e-05,1.52076e-10,9.83985e-06,1.48271e-06,1.53364e-12,2.15589e-09,1.9608e-09,][1.95143e-06,6.60291e-06,0.630396,1.44526e-10,0.369516,8.09445e-09,1.27904e-05,1.07442e-11,1.94143e-05,2.37396e-09,4.68981e-05,4.41707e-07,1.90016e-13,1.23432e-09,4.10054e-10,][6.82396e-07,5.28427e-06,0.930976,2.8888e-12,0.0690055,2.44538e-09,4.15817e-06,1.0135e-12,1.64102e-06,5.42278e-11,6.99402e-06,1.24291e-07,6.92905e-14,4.55407e-11,6.3834e-11,][1.06256e-05,6.18453e-06,0.44493,8.57633e-12,0.554942,7.18749e-08,8.01458e-05,2.42251e-11,2.53416e-05,8.62749e-11,1.96758e-06,3.94191e-06,8.4578e-13,2.5243e-10,1.88372e-10,][4.07469e-06,3.26329e-07,0.0679159,8.37149e-12,0.931884,3.66181e-08,0.000187449,3.47023e-12,7.93426e-06,6.16645e-12,6.58396e-08,2.0177e-07,5.60291e-13,3.24864e-11,2.51363e-10,][4.49571e-05,6.50812e-07,0.254041,1.12337e-11,0.745347,5.23268e-08,0.000562116,7.97555e-12,4.2984e-06,6.20811e-13,6.15232e-08,3.7258e-08,2.07857e-13,1.22308e-10,2.96607e-10,][7.693e-05,2.12107e-06,0.427211,6.57413e-10,0.572443,5.63853e-08,0.000246078,6.95902e-12,2.0128e-05,1.52965e-11,4.1609e-07,3.59334e-07,1.59206e-13,5.83624e-10,4.39531e-09,][5.52813e-05,1.13114e-06,0.704141,1.58552e-10,0.294701,1.25433e-07,0.00105235,1.86494e-10,1.64437e-05,4.10081e-12,1.04833e-08,3.27922e-05,1.90277e-11,1.23246e-09,6.40999e-08,][1.71941e-07,7.11902e-07,0.999995,5.92851e-15,6.31813e-07,8.40903e-10,2.46745e-06,7.531e-14,1.82599e-07,4.027e-14,1.80306e-09,5.55448e-07,6.37904e-14,7.84124e-10,1.17704e-09,][2.2822e-05,6.74217e-05,0.886142,2.2961e-10,0.10946,3.50528e-07,0.00363138,1.38843e-09,0.00067034,1.77101e-12,1.26852e-07,5.46363e-06,8.31253e-12,4.12005e-10,1.66748e-07,][5.0551e-05,1.62499e-05,0.818666,1.31554e-10,0.181013,2.69594e-06,8.71437e-05,1.22405e-10,0.000157081,5.03625e-11,2.67509e-07,6.87056e-06,7.8197e-10,2.00773e-08,1.10135e-07,][3.53254e-05,3.94907e-06,0.0221141,2.13593e-07,0.975182,3.92375e-06,0.000650711,2.19327e-08,0.00176681,2.30729e-10,1.02388e-05,0.000231982,1.92766e-10,7.28273e-08,9.12983e-07,][0.000320222,7.94857e-06,0.0366287,1.56153e-06,0.936502,1.39645e-05,0.0010447,2.19475e-07,0.0238855,1.38114e-08,0.00021551,0.0013771,4.97776e-09,6.99751e-07,2.06508e-06,][0.00136142,5.68063e-06,0.0118538,3.70306e-06,0.978159,1.60817e-05,0.000211337,1.39856e-07,0.00726322,2.42309e-08,6.19429e-05,0.00106165,3.64687e-08,7.33697e-07,1.04631e-06,][3.68105e-05,1.2004e-05,0.0313883,1.5625e-06,0.870136,3.58023e-05,0.0132282,3.9899e-07,0.0804126,2.07446e-08,0.0040805,0.000636844,1.1893e-08,2.21583e-07,3.08977e-05,][3.56654e-05,0.000476794,0.0947605,1.99833e-07,0.269128,3.92069e-06,0.227847,6.70346e-07,0.406847,2.63074e-08,0.000575076,0.000304736,1.31311e-08,1.64099e-07,2.01933e-05,][1.35155e-05,6.9818e-05,0.429228,1.41795e-08,0.0263842,4.17577e-06,0.0334186,6.011e-08,0.510673,1.75942e-08,3.5843e-05,0.000167316,1.41235e-10,2.74142e-07,5.42288e-06,][0.240348,0.00901328,0.359859,5.61668e-08,0.254436,0.000452724,0.00460412,1.36646e-07,0.125187,1.22579e-05,0.000476813,0.00560049,9.9356e-10,9.60403e-07,1.0129e-05,][0.792693,0.0372452,0.0566572,9.93685e-09,0.0113839,0.00108164,0.00988924,3.38471e-07,0.0840183,6.99933e-06,0.00208547,0.00492942,8.83104e-09,7.23551e-06,2.08147e-06,][0.00340736,0.00516126,0.394764,2.88542e-06,0.00164835,0.00157415,0.460982,2.41816e-05,0.0204199,3.18189e-06,0.0968683,0.0127936,4.49533e-08,3.7536e-07,0.00235008,][0.0374815,0.389429,0.297944,2.66118e-05,0.00740987,0.257661,0.00490735,3.61698e-05,0.00108645,1.90906e-06,0.000146299,0.00380096,1.45081e-07,2.17259e-06,6.68083e-05,][0.0404518,0.32715,1.29384e-05,4.04706e-05,1.47229e-07,0.000159399,2.00705e-05,0.000546708,0.000133616,0.000187863,0.000665877,0.630631,1.29135e-08,1.00075e-07,3.31907e-10,][0.0433692,0.00771653,1.05764e-06,0.000709,6.77208e-06,0.865758,4.5385e-07,3.70375e-05,4.94131e-06,3.39449e-07,2.24468e-06,0.0823947,1.48111e-08,6.59901e-09,1.71896e-10,][0.0343,0.00491034,9.64532e-07,0.000114902,1.15219e-05,0.94357,7.48724e-06,3.22138e-05,1.84907e-05,3.88885e-08,5.34278e-07,0.0170341,5.31776e-09,4.88237e-09,8.20603e-11,][0.00694977,0.00354598,1.41276e-06,7.60484e-05,7.85715e-06,0.921176,1.44492e-05,2.36167e-05,2.05119e-05,2.20738e-08,1.81127e-06,0.0681829,5.57955e-09,1.47944e-08,1.23401e-09,][0.0123899,0.00339826,2.24366e-06,3.04258e-05,1.92905e-05,0.918732,1.18917e-05,2.17168e-05,2.13474e-05,1.57266e-08,1.35008e-06,0.065372,6.37447e-09,2.37804e-08,2.99668e-09,][0.0107243,0.00443175,2.02163e-06,4.18942e-05,2.5526e-05,0.87483,1.58105e-05,6.03535e-05,3.37084e-05,4.92927e-08,1.98191e-06,0.109833,1.4372e-08,2.90321e-08,5.55475e-09,][0.0118867,0.00321134,2.51001e-06,6.47007e-05,1.88234e-05,0.873505,2.30349e-05,4.41991e-05,2.21498e-05,4.43662e-08,1.51034e-06,0.11122,2.43534e-08,3.32694e-08,3.95334e-09,][0.0114614,0.00315092,2.62673e-06,6.22123e-05,1.84468e-05,0.877725,2.36367e-05,4.27881e-05,2.23555e-05,4.49871e-08,1.54879e-06,0.107489,2.46005e-08,3.37629e-08,3.89537e-09,][0.0112095,0.00257866,2.59633e-06,4.58144e-05,2.0412e-05,0.882074,1.78249e-05,4.16398e-05,1.49818e-05,3.85996e-08,1.08204e-06,0.103993,2.06964e-08,2.54205e-08,3.93877e-09,][0.00855247,0.00303619,2.59005e-06,4.13338e-05,1.80609e-05,0.872916,1.77302e-05,2.45527e-05,1.48166e-05,2.20781e-08,6.05839e-07,0.115375,1.76652e-08,2.86649e-08,4.64631e-09,][0.00658631,0.00443667,5.19401e-06,4.63687e-05,2.13518e-05,0.838837,2.24999e-05,2.33905e-05,1.38639e-05,1.82267e-08,4.84763e-07,0.150007,1.61309e-08,4.62615e-08,6.09441e-09,][0.0123066,0.00489185,2.03609e-06,3.19482e-05,1.62048e-05,0.564438,3.7634e-05,1.24224e-05,6.49634e-06,4.5352e-08,8.14701e-07,0.418256,1.4495e-08,4.54742e-08,8.74489e-09,][0.00287488,0.227738,2.72294e-05,0.000417416,0.00014337,0.0894218,1.26832e-06,0.000334685,0.00226813,1.72871e-06,1.68605e-06,0.67677,1.38219e-08,2.97786e-08,7.69072e-09,][0.000881011,0.00529965,9.70171e-06,0.000382411,1.29179e-05,0.378481,3.27387e-06,8.57292e-05,0.00037777,5.20362e-08,2.76895e-06,0.614463,2.23175e-08,9.80004e-09,6.77605e-09,][0.000475231,0.0030294,1.07886e-05,0.000706789,2.25473e-05,0.0438135,2.14181e-05,2.18106e-05,0.000106234,3.28006e-07,5.09572e-06,0.951787,1.4227e-08,1.21822e-08,2.77047e-08,][0.000106857,0.0017461,5.66365e-07,1.15593e-05,5.94534e-07,0.0259847,3.00837e-07,3.06935e-05,8.78154e-06,5.71485e-08,2.00832e-08,0.97211,1.0436e-09,9.02017e-10,8.57478e-09,][0.0021865,0.0696496,2.51688e-05,8.50793e-05,1.78073e-06,0.0348671,4.02912e-07,0.000162468,8.51966e-06,3.86428e-07,5.31885e-08,0.893013,9.02852e-09,8.1501e-09,1.41731e-08,][0.0012556,0.954514,5.26285e-05,0.000314625,4.35447e-06,0.00365016,1.11526e-06,0.000364631,1.19881e-05,3.11373e-06,1.02221e-06,0.0398269,1.51972e-08,2.49079e-07,9.16096e-09,][0.000389062,0.998264,3.57656e-06,1.41654e-05,5.14957e-07,0.000307122,1.826e-07,8.38807e-06,3.33099e-06,4.32962e-06,3.54766e-07,0.00100434,4.87205e-09,5.91595e-07,7.97645e-09,][0.107801,0.107895,0.100695,3.44433e-05,4.76964e-06,0.0977741,3.93495e-05,4.48394e-06,0.000652932,1.52206e-05,2.36606e-07,0.585077,4.41053e-06,1.15701e-06,2.43763e-08,][0.551994,0.0657987,0.212542,1.30019e-07,0.0144803,0.000681647,0.0146874,5.84361e-05,0.118713,1.42775e-05,0.00115654,0.0195437,1.28316e-07,0.00017367,0.000156809,][1.97956e-05,0.00022248,0.998701,4.60452e-12,7.86535e-06,1.68069e-07,7.68018e-05,2.82353e-09,0.000966413,7.23544e-11,4.17103e-07,4.19602e-06,3.90226e-11,4.44152e-07,1.85114e-07,][0.000524023,0.000230048,0.911852,3.76845e-08,0.0393668,6.66577e-06,0.00786024,9.88269e-08,0.0372952,6.00829e-09,0.00160987,0.00125147,9.90709e-10,1.56154e-06,1.46837e-06,][0.000213801,8.76623e-05,0.0628946,3.36298e-08,0.377056,1.11734e-06,0.000190824,3.47895e-07,0.559482,1.93086e-08,2.06445e-05,5.06387e-05,9.58908e-10,1.66566e-07,1.90637e-06,][1.24483e-07,1.84214e-05,0.220499,1.33841e-10,4.49156e-05,2.08521e-07,0.778763,2.43231e-11,0.000308101,8.04702e-10,0.00035746,9.25985e-06,8.56126e-12,6.90445e-09,4.77636e-07,][8.19027e-06,1.17351e-05,0.000456526,2.7023e-09,0.0273629,0.00218517,0.967772,4.03731e-09,0.00165465,1.12777e-08,0.000535536,1.13082e-05,2.9401e-10,4.46898e-08,2.16216e-06,][5.93625e-07,4.36601e-08,0.000246403,8.04205e-09,0.133815,0.000191442,0.747637,1.32539e-06,0.0837323,5.26499e-07,0.034305,6.27027e-05,6.12006e-11,7.77521e-11,8.0331e-06,][0.113412,1.56002e-05,9.69164e-05,0.135094,2.13035e-05,2.52287e-06,3.57717e-05,1.4758e-06,0.229576,0.407152,0.0981709,0.0157007,9.72961e-05,3.22201e-07,0.000623178,][3.08349e-07,1.48845e-06,3.19715e-05,0.001639,3.58391e-07,0.346314,0.000316451,4.26638e-05,0.0243233,0.133361,0.00322963,0.490726,1.31878e-07,1.51769e-06,1.14448e-05,][5.92233e-06,1.70372e-06,5.96369e-08,0.0411658,2.07497e-07,0.0319717,6.92275e-07,5.11812e-05,0.000178409,0.907946,5.72173e-05,0.0186198,1.25351e-08,4.29767e-10,1.71607e-06,][2.63998e-06,1.02117e-05,9.06096e-08,0.0491062,6.96353e-08,0.0967941,8.71237e-07,9.73554e-05,0.000391258,0.682686,8.10743e-05,0.170829,9.97277e-08,2.00668e-09,1.72855e-06,][2.35472e-06,2.83638e-05,2.9442e-07,0.0349447,2.52439e-07,0.215263,2.77463e-06,0.000148831,0.000811622,0.258114,7.29099e-05,0.490589,1.09474e-07,2.74182e-09,2.13357e-05,][8.08411e-07,1.92975e-05,1.25572e-07,0.0352891,2.35491e-07,0.251255,1.42204e-06,0.000168605,0.000744671,0.253118,2.92276e-05,0.459346,1.72986e-07,1.48747e-09,2.69611e-05,][7.47155e-07,2.8755e-05,1.59324e-07,0.0326148,3.6149e-07,0.326219,2.17902e-06,0.00012448,0.000745713,0.109086,3.39438e-05,0.531108,1.75069e-07,1.01919e-09,3.60742e-05,][8.31089e-07,2.64615e-05,3.7447e-07,0.0306663,5.77563e-07,0.355344,3.06176e-06,7.95593e-05,0.000514884,0.0795387,5.47363e-05,0.53373,3.2634e-07,1.1023e-09,3.92502e-05,][1.02803e-06,1.59845e-05,3.93397e-07,0.0779665,5.49193e-07,0.538989,1.73282e-06,0.000101775,0.00113068,0.0301739,0.000123309,0.351461,1.20436e-07,1.20703e-09,3.37526e-05,][1.6003e-06,1.91853e-05,4.43084e-07,0.0743187,5.61295e-07,0.597603,2.0748e-06,0.000101958,0.00115363,0.027164,0.00014409,0.299458,1.39792e-07,1.26139e-09,3.25199e-05,][1.33627e-06,1.04595e-05,2.4149e-07,0.119408,2.68046e-07,0.5878,2.87271e-06,0.000136893,0.000538692,0.0196812,0.000117073,0.272274,1.23998e-07,7.21353e-10,2.88704e-05,][6.09138e-07,1.59905e-06,2.16127e-07,0.406143,1.78315e-07,0.389534,2.60714e-06,0.000134732,0.00011043,0.0241956,3.12368e-05,0.179804,1.23966e-07,1.77314e-10,4.19742e-05,][1.65225e-07,3.29881e-06,1.02127e-07,0.257271,1.87369e-07,0.570963,1.89589e-06,6.74938e-05,0.000120497,0.0282926,7.23181e-05,0.142945,4.02687e-07,6.02173e-10,0.000261664,][4.35336e-07,4.06173e-06,3.02965e-08,0.00385986,1.98802e-07,0.796191,2.37941e-07,4.29777e-08,3.83135e-05,0.000987302,5.72433e-07,0.198913,7.43472e-08,8.46926e-10,5.43308e-06,][4.11726e-06,3.53394e-06,1.19682e-05,5.52117e-05,8.61154e-06,0.0881712,0.000196637,5.4564e-07,0.133115,0.0021229,9.63686e-05,0.776205,8.70564e-06,9.96036e-08,1.83065e-07,][1.95383e-05,8.61959e-05,1.18468e-05,1.16183e-05,0.0836409,2.71775e-05,0.000193274,8.28321e-06,0.904392,0.000452178,0.000202507,0.0109096,2.94769e-07,1.86068e-06,4.24434e-05,][5.79194e-07,5.05231e-06,0.000223613,6.1169e-08,0.0294923,6.13993e-06,0.000746909,8.97431e-08,0.961626,4.09144e-07,1.72625e-07,0.00789718,7.59073e-09,1.47141e-08,1.02703e-06,][4.83107e-05,2.67749e-07,0.00151158,4.05458e-10,0.95407,3.87558e-08,0.00026723,1.87742e-08,0.0439866,1.32712e-10,1.73191e-09,0.000115604,5.0054e-12,5.90669e-11,2.05014e-08,][0.00106368,0.0350766,0.378053,7.26768e-08,0.580544,1.71319e-06,1.46267e-05,4.81946e-08,0.000432874,3.22908e-09,4.82672e-07,0.00481262,2.79896e-10,2.14167e-09,3.68528e-07,][0.0037025,0.00508402,0.859779,5.42045e-08,0.130914,8.30811e-08,4.58328e-05,1.25831e-08,6.03754e-05,7.28264e-09,8.0542e-07,0.000412568,4.30521e-10,9.92426e-09,5.6437e-07,][0.953927,0.0383078,0.00243912,2.73153e-09,0.00459842,4.42133e-06,2.98687e-07,5.78028e-09,7.03323e-05,1.17051e-09,1.40016e-07,0.000652114,7.30472e-11,2.47918e-09,7.59594e-08,][0.654391,0.318962,0.00117618,2.48278e-05,2.36515e-05,0.00663195,7.65054e-07,1.3034e-06,1.28024e-05,3.39783e-08,2.89147e-09,0.0187737,2.33469e-08,1.39805e-06,5.10307e-10,][0.000203712,0.959134,3.49098e-05,1.39374e-06,1.09177e-06,0.0342543,1.01024e-06,9.21567e-06,1.01017e-05,8.28901e-09,6.1023e-09,0.00635018,1.50073e-11,1.30017e-09,6.58598e-12,][0.0257476,0.969032,9.7855e-06,1.6771e-07,7.32132e-07,0.00476001,2.49982e-07,2.73299e-07,5.83028e-08,1.95936e-10,3.04902e-09,0.000449461,1.49847e-10,1.83431e-09,1.17648e-12,][0.0131787,0.98638,1.56519e-05,2.70451e-07,1.21527e-07,0.000263157,9.16361e-08,6.93253e-08,3.40067e-08,1.29409e-10,1.72151e-10,0.000162433,3.43242e-12,3.59412e-10,9.95394e-13,][0.0146744,0.984835,1.19482e-05,2.26878e-07,7.01168e-08,0.00023494,7.17196e-08,1.6564e-07,4.46615e-08,5.61064e-10,1.04672e-09,0.000242971,2.44232e-12,2.29374e-09,1.68612e-12,][0.0114941,0.981146,1.12191e-05,3.22895e-07,1.24175e-05,0.00564913,1.25461e-07,7.66307e-07,9.11868e-08,2.40997e-09,3.45555e-08,0.00168539,4.6018e-11,1.01185e-08,1.34913e-11,][0.0104821,0.800098,0.000124662,8.95788e-08,1.29054e-05,0.187777,6.70411e-08,5.80874e-07,1.78351e-06,1.51599e-08,3.95285e-08,0.00150299,3.12226e-11,1.20026e-08,1.41314e-10,][0.167043,0.637684,0.00114847,1.69999e-06,0.000342933,0.189257,4.89391e-07,3.98637e-06,5.75943e-06,5.77484e-08,3.31258e-07,0.00451187,3.06393e-09,7.84501e-07,1.77701e-09,][0.767539,0.134915,0.00219142,9.96814e-07,1.50431e-05,0.0929572,1.46621e-06,4.06469e-06,5.65124e-06,7.33475e-10,5.24394e-08,0.00237015,1.4829e-09,1.30309e-07,4.20012e-10,][0.938578,0.040162,0.000703951,7.48534e-07,1.8669e-05,0.0181612,5.74006e-06,1.73502e-05,4.31816e-06,8.52582e-10,1.95613e-09,0.0023476,2.73002e-10,6.64015e-08,1.402e-09,][0.95078,0.0270653,1.61608e-05,3.4893e-07,2.86258e-05,0.0210823,4.90607e-07,6.39537e-06,1.26211e-05,2.14814e-10,1.86391e-08,0.00100723,2.8719e-10,7.54489e-08,1.99183e-09,][0.941353,0.0394117,4.68594e-05,2.58117e-07,7.70006e-05,0.0168283,9.01271e-08,3.95829e-06,5.43433e-06,2.81796e-10,4.11659e-09,0.00227366,1.55217e-10,2.62208e-08,2.41737e-10,][0.629831,0.367214,6.73076e-06,4.74965e-07,4.11213e-06,0.00152882,5.13701e-08,1.40598e-06,1.42096e-06,2.2909e-10,2.41489e-09,0.00141184,6.66725e-11,1.79618e-08,1.54602e-10,][0.318274,0.681323,1.2727e-06,1.19514e-07,5.20366e-07,0.000143442,9.59515e-09,5.94075e-07,2.02833e-07,9.77853e-11,5.12468e-10,0.000256527,2.43459e-11,6.47126e-09,2.7844e-11,][0.189289,0.810647,4.42231e-07,3.67408e-08,2.43884e-07,2.86948e-05,2.56447e-09,2.21302e-07,5.13785e-08,6.68577e-11,2.79272e-10,3.46568e-05,1.17947e-11,1.96765e-09,3.60799e-12,]]