[[0.000594765,3.20109e-06,7.31123e-12,0.000399815,0.000328266,0.994245,7.31863e-08,0.00442852,3.67312e-07,1.02715e-09,1.78177e-07,6.20655e-08,9.3381e-10,4.92267e-09,1.89758e-09,][0.000968951,1.30054e-05,1.3671e-11,0.00105518,0.000840371,0.981377,2.72795e-07,0.0157408,3.42032e-06,1.531e-08,1.93093e-07,3.5567e-07,3.99447e-09,1.63638e-08,8.48842e-09,][0.00103535,7.66882e-06,3.25325e-11,0.00183594,0.00135777,0.957949,2.52294e-08,0.0377967,1.5642e-05,3.51543e-08,2.89747e-07,1.01342e-06,1.11272e-09,1.84201e-08,8.10249e-08,][0.00100877,7.42041e-06,1.4955e-11,0.000941319,0.000910478,0.97091,1.07339e-07,0.0262141,7.02629e-06,1.38368e-08,3.86133e-07,7.65263e-07,1.26392e-09,1.85943e-08,6.67335e-09,][0.00339926,8.3086e-06,4.20592e-11,0.00413932,0.0016117,0.912563,6.83174e-08,0.0782386,3.62752e-05,9.71869e-08,2.22498e-06,6.93953e-07,4.08717e-09,7.30166e-08,4.96586e-08,][0.00213462,1.25983e-05,9.65733e-11,0.00684222,0.00296245,0.882816,6.24111e-08,0.105161,6.83339e-05,2.47368e-07,1.91757e-06,4.55188e-07,2.927e-09,9.59889e-08,6.92452e-08,][0.000315922,6.11437e-06,6.44472e-11,0.0161827,0.00118684,0.847338,2.3523e-08,0.134944,2.09231e-05,2.21071e-07,4.65772e-06,2.95883e-07,2.14648e-09,2.00199e-08,5.36532e-08,][0.000260695,3.3358e-05,3.92939e-11,0.0309177,0.00138718,0.543299,1.14486e-08,0.424078,1.88152e-05,1.59328e-07,4.46879e-06,3.47684e-07,5.1018e-09,3.18944e-08,9.11841e-08,][0.00182656,7.93462e-05,3.79662e-11,0.0385536,0.00116414,0.543893,1.26744e-07,0.41445,3.11578e-05,1.66486e-07,1.689e-06,1.80956e-07,6.38544e-09,3.13648e-08,3.48004e-08,][0.000448654,5.35594e-06,1.10067e-10,0.000244754,1.86806e-05,0.988534,2.72142e-08,0.0107437,3.74986e-06,2.98205e-07,6.88533e-07,2.65938e-08,1.41869e-08,3.91813e-08,1.15541e-08,][0.00253147,0.00324476,3.20933e-07,0.145449,0.0359329,0.326862,2.14647e-07,0.485879,3.60685e-05,2.80618e-05,2.84316e-05,1.95718e-06,2.6061e-06,2.39864e-07,2.92361e-06,][0.00118418,0.00117382,5.96175e-08,0.00197605,0.00140345,0.96285,6.89725e-08,0.0314109,1.07867e-07,6.66989e-07,1.62046e-07,2.45041e-07,4.01704e-07,4.14533e-08,1.71939e-07,][0.428471,0.0721089,1.41823e-06,0.270889,0.000563994,0.186303,2.72114e-07,0.0416395,3.24015e-06,2.34034e-06,1.89416e-07,1.70286e-06,9.15657e-08,5.04416e-08,1.53889e-05,][0.343283,0.53074,1.34678e-06,0.0163122,0.00031464,0.100881,7.78181e-08,0.00845544,8.86923e-07,3.32327e-08,2.9506e-08,1.42515e-06,1.90972e-07,8.91718e-10,1.01808e-05,][0.959626,0.0248426,3.162e-07,0.000552454,2.03213e-05,0.0109258,6.41593e-08,0.00402824,7.63125e-07,1.78381e-09,1.95449e-06,1.14739e-07,6.23224e-09,8.77396e-10,1.40094e-06,][0.979829,0.013485,5.4179e-07,7.31526e-06,3.94732e-06,0.00440886,4.71234e-07,0.00226098,3.85756e-07,3.14229e-09,1.31649e-06,3.20433e-08,1.82031e-07,6.65726e-10,2.01872e-06,][0.688563,0.0212885,1.4003e-06,0.00420034,0.000187812,0.166031,9.59094e-08,0.119704,1.11487e-05,2.35861e-08,3.30215e-07,4.62571e-06,2.71048e-08,3.00809e-08,8.14138e-06,][0.81261,0.0196245,3.88599e-07,0.00419166,0.000132643,0.0627058,1.10313e-07,0.100685,3.71786e-05,5.65301e-08,2.657e-07,8.03449e-06,4.15947e-08,2.63248e-08,3.51472e-06,][0.722905,0.0130342,1.00541e-06,0.00299193,0.000354431,0.141536,3.75092e-07,0.119123,2.57349e-05,4.57064e-08,5.40066e-07,1.74486e-05,1.46162e-07,3.49707e-08,1.05414e-05,][0.509549,0.00416955,2.73325e-07,0.00776262,0.000419672,0.213412,4.52419e-07,0.264645,2.1158e-05,2.28109e-08,5.322e-07,1.5645e-05,4.92256e-08,4.01859e-08,3.93454e-06,][0.417449,0.00218702,1.12849e-07,0.00587712,0.000219722,0.306916,6.37478e-07,0.267323,1.47282e-05,1.5597e-08,3.72576e-07,8.76057e-06,6.62502e-08,2.49057e-08,2.98393e-06,][0.264898,0.00269791,8.22505e-08,0.00426723,0.000198434,0.410095,6.69574e-07,0.317821,1.07433e-05,1.05885e-08,4.6427e-07,7.93576e-06,6.45114e-08,2.58559e-08,1.99385e-06,][0.468155,0.00375897,1.08614e-07,0.00351577,0.000190587,0.218267,5.18926e-07,0.306094,1.00018e-05,1.05082e-08,8.79275e-07,5.30805e-06,1.09114e-07,2.7389e-08,1.67054e-06,][0.565225,0.00732788,1.32485e-07,0.00271885,0.000246869,0.216523,7.31287e-07,0.207935,1.26179e-05,7.96169e-09,1.39753e-06,6.58209e-06,1.34071e-07,2.48577e-08,1.35566e-06,][0.720143,0.012018,3.09348e-07,0.00575964,0.000134276,0.152213,3.78077e-07,0.109724,4.58573e-06,7.92746e-09,1.72772e-06,8.79878e-07,2.0903e-07,9.93621e-09,1.41875e-06,][0.83758,0.0286067,8.45002e-07,0.0080779,0.00015975,0.080877,7.77404e-08,0.0446856,6.6967e-06,2.7323e-08,6.80678e-07,1.00545e-06,3.16624e-07,1.57361e-08,3.78072e-06,][0.844435,0.13577,1.74565e-07,0.000355915,3.679e-05,0.0105145,1.21787e-08,0.00888295,1.03145e-06,2.14102e-09,2.48696e-08,1.37987e-07,5.56866e-08,4.57192e-09,3.04769e-06,][0.966704,0.0316958,1.76395e-07,6.99125e-05,7.68715e-06,0.000863681,9.28063e-09,0.000657038,4.9011e-07,2.28248e-10,1.67948e-08,8.92915e-08,1.08551e-08,1.32628e-09,1.1936e-06,][0.888226,0.109019,3.89864e-07,0.000244094,1.46329e-05,0.0020506,3.14642e-09,0.000444338,3.93549e-07,4.88696e-10,2.18898e-08,1.6079e-07,1.28807e-08,1.86108e-09,4.48846e-07,][0.67071,0.305393,9.76219e-06,0.00369207,4.1584e-05,0.0183845,8.25482e-08,0.00176235,8.77392e-07,2.03943e-09,6.09482e-08,1.04826e-06,7.81295e-08,6.24015e-09,3.99419e-06,][0.743661,0.139018,3.23422e-06,0.00607817,0.00019214,0.108111,4.06892e-07,0.00290404,2.82135e-06,6.08199e-08,7.87354e-07,1.10514e-05,1.18158e-07,7.41666e-08,1.80249e-05,][0.966836,0.00540213,9.57685e-06,0.000276214,9.03111e-05,0.0252709,9.86803e-07,0.00207014,1.96497e-06,3.16718e-08,1.07417e-06,3.94558e-06,6.42102e-08,2.35478e-08,3.62073e-05,][0.447441,0.453608,0.00304048,0.000731485,0.039712,0.0531441,0.000140565,0.000198665,0.00163521,1.46546e-07,0.00013306,8.08383e-05,1.69772e-05,2.15904e-07,0.000117282,][4.1106e-06,1.17556e-07,0.000249508,6.16478e-07,0.998266,1.2482e-05,0.000535131,4.16794e-07,0.00086194,1.45602e-10,6.87407e-05,1.21226e-08,1.28312e-07,8.98209e-08,4.24439e-07,][9.39209e-07,5.91181e-09,0.000416989,2.21163e-07,0.998894,4.61465e-06,0.000233946,1.29449e-06,0.000445536,7.55838e-11,1.7668e-06,3.00309e-08,5.33507e-08,1.27227e-07,2.53686e-07,][4.4754e-07,5.00309e-09,7.19135e-05,6.24071e-07,0.993731,2.49793e-05,0.00266944,2.04217e-06,0.00349479,5.9616e-10,3.848e-06,4.0624e-08,2.67552e-09,8.64428e-07,1.08609e-07,][6.57771e-06,7.86854e-09,1.0015e-05,4.33322e-07,0.997582,7.68234e-05,0.000962897,2.15274e-06,0.00135299,1.08426e-09,5.26156e-06,8.14343e-08,2.1663e-09,3.63085e-07,4.05869e-08,][3.831e-06,1.07088e-09,6.81243e-06,1.28558e-07,0.999344,4.73108e-05,0.000146271,9.77156e-07,0.000437983,9.90504e-10,1.24187e-05,6.98499e-08,2.80961e-09,1.84246e-07,6.89663e-09,][6.45038e-06,8.67793e-10,2.42335e-05,6.39471e-07,0.999163,8.04954e-05,0.000158155,1.59805e-06,0.000544694,1.87739e-09,2.02485e-05,1.16329e-07,6.77084e-09,3.02937e-07,4.34386e-09,][3.76686e-06,1.17874e-09,1.3859e-05,1.48975e-07,0.998493,0.000160858,0.00111077,3.25213e-06,0.000199171,1.34876e-09,1.44582e-05,4.2347e-07,3.10239e-09,1.47459e-07,5.65676e-09,][1.41467e-05,5.66358e-09,0.00012348,4.934e-07,0.997058,0.000109427,0.00176626,8.07143e-06,0.000855271,3.48547e-09,6.17383e-05,2.28019e-06,9.18263e-09,7.02767e-07,4.64443e-08,][1.10577e-05,1.06263e-09,0.000156338,9.28045e-07,0.99915,2.5132e-05,0.000457417,1.6061e-06,0.000186724,1.01654e-09,8.37507e-06,2.09946e-06,3.04348e-09,2.34145e-07,1.16997e-07,][3.06414e-08,3.65295e-07,0.999998,3.40795e-11,8.407e-07,5.38103e-11,8.04012e-07,4.28367e-10,3.03169e-10,8.59112e-12,2.30331e-08,3.12931e-11,5.56046e-11,6.60045e-12,1.95095e-08,][1.69694e-09,3.56788e-08,0.999999,2.75125e-11,8.11335e-07,9.06237e-09,4.71961e-08,2.75685e-11,4.67795e-09,4.83908e-13,3.07139e-09,8.25197e-10,5.2871e-11,7.6254e-13,1.9241e-08,][0.000636064,3.29635e-05,0.344252,2.03139e-06,0.646881,5.8563e-06,0.00292188,5.86399e-06,0.00333915,3.30299e-09,0.00173894,4.09111e-05,1.31102e-07,1.05744e-06,0.000141952,][4.24933e-07,1.41169e-07,0.999325,5.5876e-10,0.000631221,4.13405e-08,4.18945e-05,1.02203e-09,1.2027e-06,8.44364e-11,1.1716e-07,3.32641e-08,4.88217e-09,1.08372e-09,7.64129e-08,][8.19668e-07,1.47224e-08,0.999561,1.64371e-08,0.000145426,7.60661e-08,0.000287263,9.85942e-10,1.23816e-06,2.43778e-10,3.6478e-06,1.86215e-07,7.49553e-10,4.22671e-08,6.19466e-08,][1.50603e-06,6.08968e-08,0.999627,3.7406e-08,0.000290293,2.54119e-08,7.19366e-05,1.34463e-09,1.39682e-06,4.89938e-10,6.95567e-06,3.36512e-07,1.76111e-09,5.7297e-08,2.52981e-07,][9.62912e-08,2.69639e-09,0.999957,4.29004e-10,3.91483e-05,1.94609e-09,3.9137e-06,4.78733e-11,2.76977e-08,1.64035e-11,2.22409e-07,1.43943e-08,2.35668e-10,4.51772e-10,5.20432e-09,][8.99499e-07,2.79613e-08,0.999463,2.01972e-09,0.0001722,1.67235e-08,0.000361563,5.36109e-10,1.51274e-06,8.33637e-11,4.40074e-07,1.00443e-07,7.43173e-11,5.88942e-10,4.15199e-08,][0.000725856,1.19099e-06,0.00974513,3.14606e-05,0.954124,0.010642,0.0237326,0.000137204,0.000115933,1.03561e-08,0.000251926,0.00047598,1.03026e-07,1.93387e-07,1.61362e-05,][6.60702e-05,3.40168e-07,8.41271e-05,2.545e-06,0.875854,0.00268793,0.119778,0.000182395,0.00108157,2.53477e-08,0.000213004,4.65049e-05,3.45274e-08,1.84087e-07,3.13827e-06,][3.16337e-06,1.05316e-06,0.999451,7.70373e-07,0.000511215,5.58165e-08,3.67911e-06,4.36107e-08,2.35231e-08,1.20291e-08,1.9053e-05,1.0492e-07,4.74018e-09,1.76153e-08,1.01713e-05,][1.21058e-06,9.21365e-05,0.906605,3.85044e-08,4.46497e-05,0.000561809,0.0926248,8.96746e-06,1.95028e-05,9.58225e-07,1.86247e-05,1.68752e-05,1.08201e-06,4.7254e-07,4.06269e-06,][2.57915e-06,3.807e-09,2.60176e-07,1.15277e-05,0.980847,9.29357e-06,0.000545063,4.01624e-06,0.0184043,4.17295e-09,0.000174446,1.13141e-06,5.52887e-08,1.96396e-08,1.93686e-07,][0.00162852,3.8873e-05,0.968048,2.80321e-06,0.00203327,2.87852e-05,0.021436,3.37745e-06,0.00107172,1.02441e-06,0.00494915,1.24319e-06,8.37762e-06,0.00069371,5.52713e-05,][0.00031739,5.70189e-06,0.978829,4.64444e-06,0.00403249,4.52795e-06,0.0138005,1.50265e-06,0.00118322,1.38202e-07,0.00175791,4.96967e-07,2.6827e-07,2.91198e-05,3.2769e-05,][0.00108361,2.41199e-05,0.97659,3.54656e-06,0.0116177,1.89503e-05,0.00675348,5.60254e-07,0.00153422,7.60665e-07,0.00233754,3.2897e-06,2.23272e-07,1.47872e-05,1.76826e-05,][0.000241343,6.08907e-06,0.990282,3.81433e-06,0.00469705,1.61469e-05,0.00287255,2.1133e-07,0.000594368,2.56608e-07,0.00127252,1.97962e-06,7.30603e-08,4.14247e-06,7.99742e-06,][0.00642875,0.00374543,0.807247,3.36241e-06,0.178671,7.77804e-05,0.000879965,4.16033e-05,0.00259278,2.23721e-06,4.23876e-05,1.02322e-05,1.13976e-05,2.03511e-06,0.000243532,][7.43948e-05,4.46715e-05,0.946138,4.74017e-06,0.0440341,4.38158e-05,0.0083946,2.82814e-06,0.000869304,1.16167e-06,0.000343501,4.54454e-06,2.1208e-07,1.75291e-06,4.28202e-05,][0.0136873,0.0579727,0.794654,0.000115254,0.118956,0.000647286,0.00219814,0.000564499,0.00783179,2.01953e-05,0.000224771,1.212e-05,8.40249e-05,0.00019256,0.00283969,][1.05142e-05,1.71073e-07,0.000528004,6.3782e-06,0.998387,4.34419e-05,0.000423111,0.000139236,0.000299643,2.46985e-07,0.000160129,2.46432e-07,1.87766e-07,1.19047e-06,7.90972e-08,][1.25969e-05,1.4805e-07,9.54352e-05,2.16055e-05,0.997531,0.000129005,0.000394065,0.000163161,0.00159316,2.31193e-07,5.33861e-05,1.95031e-06,1.20018e-07,3.6995e-06,3.83371e-08,][3.51706e-05,0.000293873,0.988134,1.05192e-08,7.63534e-05,0.000624651,0.0106861,1.84279e-05,1.74539e-05,5.26196e-07,6.00419e-05,6.12406e-07,1.11437e-05,3.27301e-07,4.1563e-05,][7.67188e-05,5.21616e-08,0.000298333,1.30502e-05,0.949934,0.00314483,0.0448873,1.57362e-05,0.00146182,3.10736e-08,0.000162434,3.39224e-06,5.96259e-07,1.52265e-06,3.63037e-07,][0.000135454,3.90167e-06,0.969149,9.61979e-07,0.0265786,1.96806e-07,0.000405768,2.43777e-07,0.00230558,8.10024e-08,0.000873106,8.51414e-07,1.0381e-07,5.63737e-08,0.000545771,][0.000601001,0.000238864,0.970861,3.58422e-06,0.0131268,4.32676e-05,0.0132237,0.000137241,4.81308e-05,1.10471e-07,0.00134989,1.46765e-05,3.50742e-06,1.28848e-06,0.000346915,][6.19393e-07,1.67827e-07,0.99969,1.09233e-09,0.000102584,2.64876e-10,0.000148604,4.37835e-09,4.05226e-05,3.86251e-10,1.00456e-05,1.16753e-08,6.49731e-09,9.92187e-09,6.97689e-06,][0.000101524,3.6088e-06,0.868477,1.2579e-06,0.128185,6.12775e-06,0.00301626,1.2459e-06,6.32768e-05,2.58137e-09,0.000126361,1.42777e-06,1.17831e-05,1.60462e-06,3.22704e-06,][1.35848e-05,5.66808e-07,0.998651,1.81717e-07,0.00110527,7.85157e-09,8.60641e-06,1.78071e-07,5.48156e-05,1.22026e-08,0.000106475,3.53968e-07,2.70883e-07,2.20587e-08,5.9138e-05,][6.57229e-07,2.9291e-07,0.997674,7.02414e-08,0.00230417,2.73238e-09,1.06149e-05,4.22763e-09,2.58598e-06,1.09871e-09,5.15108e-06,3.9125e-08,1.91622e-07,4.19935e-09,2.14267e-06,][2.06754e-05,1.73464e-06,0.926251,4.12682e-07,0.0735747,6.19342e-08,6.2651e-05,1.53173e-08,3.26821e-05,2.34656e-09,4.98202e-05,1.65208e-07,3.14578e-07,1.87161e-07,6.10382e-06,][0.00201361,3.89846e-06,0.0100455,1.95752e-06,0.964642,0.000151055,0.022645,1.7141e-05,0.000368123,7.01918e-09,5.51019e-05,1.45133e-05,2.78447e-08,9.13246e-07,4.1348e-05,][0.000390929,7.57523e-06,0.00570873,7.8617e-06,0.979261,6.16572e-05,0.0134462,1.8962e-05,0.000935013,3.18417e-09,0.000129203,2.59885e-06,1.11442e-07,2.83938e-06,2.68925e-05,][0.00011563,5.20746e-06,0.00340522,1.2613e-06,0.868899,1.16314e-05,0.124711,1.81313e-05,0.00254428,3.0858e-09,0.000262302,1.8337e-06,1.15377e-07,5.88823e-07,2.46182e-05,][0.000141143,1.1071e-06,0.00893758,2.64362e-06,0.945707,2.74989e-06,0.04383,4.39364e-06,0.00100855,9.80178e-09,0.000349637,9.81805e-07,1.97024e-07,1.05784e-06,1.26542e-05,][0.00157737,2.4698e-05,0.199346,7.22632e-06,0.710003,7.79173e-06,0.0810473,3.275e-05,0.00195426,6.37884e-08,0.00560151,3.53433e-06,6.55628e-06,6.57748e-06,0.000381501,][0.000150284,4.40424e-06,0.969736,3.85413e-07,0.027858,1.38216e-07,0.00155785,1.32463e-07,6.91266e-05,2.7443e-09,0.000593803,2.32917e-07,5.89206e-07,1.41736e-06,2.73547e-05,][0.000380262,1.64883e-05,0.97579,6.96582e-07,0.0187175,2.161e-05,0.0044962,3.83486e-06,7.61964e-05,2.46832e-08,0.000424237,1.69623e-06,1.60396e-06,1.06962e-06,6.90879e-05,][0.000731465,1.79618e-05,0.830698,1.75191e-05,0.165119,1.13252e-05,0.00123609,1.75057e-05,0.000161764,9.35134e-08,0.00194474,9.44762e-07,5.24006e-06,8.00353e-07,3.80355e-05,][0.000850244,1.19953e-06,0.00245983,1.61355e-06,0.982203,0.000595296,0.013249,1.4437e-05,0.00041649,1.9141e-08,0.000205185,1.03217e-06,1.21486e-07,2.91795e-07,2.48166e-06,][0.000397226,2.94389e-07,0.0017361,5.46246e-07,0.98254,8.69954e-05,0.0133805,1.92218e-05,0.00124969,2.19432e-08,0.000584184,1.8861e-06,1.62822e-07,5.48158e-07,2.84377e-06,][4.91313e-06,1.84762e-07,0.999822,7.43149e-09,0.000151147,2.92515e-09,6.16185e-06,1.51497e-09,1.1319e-06,5.18749e-11,1.33964e-05,1.06963e-08,4.89757e-09,9.44376e-09,1.18821e-06,][4.07062e-05,2.97378e-05,0.992226,3.92911e-07,0.00157699,2.62105e-06,0.00385932,1.5282e-07,5.09741e-05,1.42706e-08,0.00219418,6.27112e-07,8.99715e-08,1.00668e-06,1.72198e-05,][2.08097e-06,2.86913e-06,0.997483,2.10347e-08,0.00218431,1.00341e-07,0.000248173,1.3166e-08,1.98964e-06,8.35319e-10,7.21286e-05,1.82805e-07,1.56834e-08,3.58561e-08,4.60693e-06,][0.000241217,1.30844e-06,0.0839047,1.4311e-05,0.893142,5.96116e-06,0.00655815,1.02258e-06,0.0160511,2.95462e-08,6.09572e-05,1.10177e-05,2.41222e-07,7.33117e-07,6.77105e-06,][0.000455786,8.86053e-06,0.000364731,7.86856e-05,0.957989,0.0152898,0.0125881,7.38876e-05,0.0123053,2.54682e-08,0.000618936,0.000211306,4.83216e-06,2.51524e-06,8.40615e-06,][0.000469502,4.96383e-07,4.43491e-05,9.93507e-06,0.816865,0.0275954,0.149831,3.6347e-05,0.00415404,4.76588e-08,0.000930312,5.89634e-05,2.93067e-06,1.58719e-07,2.15956e-06,][0.000637098,5.45663e-07,4.55545e-05,7.41846e-06,0.694735,0.148557,0.127761,0.000386394,0.00836616,3.90186e-07,0.0193437,0.000146796,2.07318e-06,1.25622e-06,9.28041e-06,][0.000542072,1.19748e-06,0.000147724,1.65621e-05,0.242803,0.121095,0.621472,0.000199589,0.00699392,1.65558e-07,0.00657666,0.000147292,1.18996e-06,1.12256e-06,2.82389e-06,][5.29017e-05,2.54622e-06,2.10128e-05,2.71033e-07,0.012271,0.0102892,0.976098,0.000191394,0.00092257,1.14686e-08,0.00014325,4.68551e-06,1.03908e-07,9.99203e-07,1.66467e-06,][6.85497e-06,6.99643e-07,0.000229158,7.72718e-09,0.000101162,0.000485542,0.999035,9.88712e-05,7.1909e-06,4.98109e-09,3.06673e-05,3.53645e-06,1.23146e-07,3.10873e-08,7.36503e-07,][0.000817504,2.28383e-07,0.000191026,5.62702e-06,0.143803,0.0773127,0.760751,0.000426965,0.0162329,3.32083e-07,0.000421264,3.23454e-05,9.96657e-07,1.70683e-06,2.46359e-06,][0.000344932,3.59094e-07,3.53106e-05,2.22964e-06,0.169579,0.101182,0.71869,0.000477921,0.00768746,3.5824e-07,0.00195661,3.758e-05,7.72307e-07,1.05789e-06,4.57232e-06,][0.000537799,1.97527e-06,0.000166996,1.63882e-06,0.10735,0.0566389,0.822826,0.000862098,0.00936265,1.76097e-07,0.00218535,2.74978e-05,5.35463e-07,3.71542e-06,3.47529e-05,][2.86869e-06,1.27943e-06,0.000727806,2.34022e-07,0.0175329,0.000304209,0.979291,7.43391e-05,0.00186802,1.28544e-08,0.000174771,1.56093e-06,1.25565e-07,5.04564e-06,1.60937e-05,][1.13419e-06,9.86455e-06,0.997774,1.02233e-07,0.000311483,6.4963e-06,0.00185058,7.60912e-07,1.75023e-06,3.78939e-09,1.57514e-05,6.93999e-08,1.69025e-07,2.61323e-08,2.82345e-05,][1.07461e-05,2.95607e-05,0.0500811,6.81907e-07,0.940216,5.79943e-08,0.000234497,1.56814e-06,0.00940874,2.1579e-08,4.35498e-06,3.4395e-07,1.78979e-08,1.64304e-07,1.23044e-05,][0.000134537,4.96349e-06,0.096117,2.19535e-07,0.881237,1.10425e-06,7.58049e-05,2.76748e-07,0.0223528,1.2176e-08,3.4044e-05,6.2049e-07,3.73959e-08,6.67377e-08,4.16392e-05,][8.42394e-05,1.22153e-06,0.0233121,2.86878e-08,0.973751,1.14386e-06,7.92915e-05,5.62273e-08,0.00276113,1.61309e-09,4.88352e-06,3.83771e-07,3.34866e-09,1.68362e-08,4.74195e-06,][0.000183128,3.26862e-06,0.147931,3.78953e-08,0.848641,9.5579e-07,0.000125037,1.50007e-07,0.00305559,8.56698e-10,5.16773e-05,7.96511e-07,5.63194e-09,8.34738e-08,7.96023e-06,][0.000280798,2.7137e-06,0.207584,5.67384e-08,0.789494,4.36415e-06,0.000873445,1.4513e-06,0.00142261,1.89429e-09,0.000332567,6.22069e-07,1.71827e-08,8.65898e-08,2.89931e-06,][2.16227e-05,3.14404e-07,0.963822,1.98847e-08,0.0333443,6.38391e-07,0.00274878,3.57249e-07,1.8055e-05,1.56021e-09,4.29633e-05,3.76045e-07,3.63995e-09,4.51398e-08,7.63223e-07,][2.31633e-05,4.32118e-07,0.0187743,1.01011e-07,0.980515,4.17851e-07,0.000350568,2.7632e-07,0.000322155,7.69028e-10,8.56079e-06,3.3804e-06,2.77476e-09,3.60991e-08,1.20608e-06,][0.000133842,4.9995e-06,0.0479932,1.36539e-07,0.916465,4.74336e-06,0.0344079,2.4303e-06,0.000852107,4.81958e-10,8.32528e-05,3.43218e-06,1.74851e-07,2.91205e-07,4.89286e-05,][1.67663e-06,4.39761e-07,0.998232,2.3626e-08,0.000102116,1.15143e-07,0.00166126,1.23351e-09,1.24624e-06,4.20564e-11,5.36184e-07,6.46041e-08,1.07101e-09,2.72593e-08,1.16712e-07,][0.000468738,6.21565e-05,0.775529,1.79168e-06,0.0853878,5.17421e-05,0.134021,1.18399e-05,0.00406361,1.55062e-08,0.000208554,8.5414e-06,4.3263e-06,1.21014e-05,0.000168328,][3.71136e-05,0.000194474,0.795116,9.89506e-07,0.201696,1.23775e-06,0.0026705,8.44551e-06,0.000171784,1.58689e-08,4.97949e-05,3.42472e-07,7.07041e-07,5.56063e-07,5.29663e-05,][1.0465e-05,8.29049e-06,0.0183955,1.5173e-05,0.97694,2.24753e-05,0.00380945,5.7322e-06,0.000711218,9.69966e-09,7.32191e-05,3.91768e-06,1.97727e-07,5.59453e-07,4.21998e-06,][1.62894e-05,1.5049e-05,0.0105541,2.14696e-05,0.985375,1.20539e-05,0.000988625,1.54435e-05,0.00288335,1.25225e-08,0.00011242,1.63772e-06,3.97186e-07,1.13412e-06,3.43163e-06,][5.57403e-05,1.34884e-05,0.00513309,0.000103538,0.988689,6.59234e-06,0.000274908,7.98294e-05,0.00541404,5.13098e-08,0.000223035,1.57353e-06,1.43574e-06,5.38655e-07,2.92932e-06,][0.000160506,3.99167e-06,0.0509961,1.5441e-06,0.866871,2.09839e-05,0.0211087,1.19753e-05,0.0572277,7.05208e-08,0.00352499,1.48805e-06,2.12058e-06,3.31844e-06,6.52363e-05,][0.000851779,9.30881e-07,0.210051,1.37639e-05,0.693906,0.000753514,0.0680857,1.73271e-05,0.0247152,3.75839e-08,0.00107214,4.07411e-05,2.34071e-07,9.48738e-06,0.000482188,][4.04797e-05,1.50751e-06,0.404634,1.62231e-05,0.584469,6.3016e-05,0.0055858,1.37781e-06,0.00514544,2.2816e-08,1.72255e-05,8.09069e-06,8.61797e-09,1.88043e-06,1.662e-05,][3.90158e-05,3.80809e-06,0.989229,1.02786e-06,0.0101001,1.37438e-06,4.37015e-06,2.43221e-07,0.000585783,8.1899e-09,2.83238e-05,1.09308e-07,3.01764e-08,6.16244e-06,5.84309e-07,][2.91865e-05,4.19484e-06,0.992144,1.70818e-07,0.00722301,1.2153e-05,3.65142e-06,5.45684e-07,0.00054931,4.06146e-09,2.51638e-05,4.73333e-08,4.30404e-08,8.07788e-06,1.44832e-07,][0.000201361,0.00456687,0.00568718,2.69773e-05,0.969501,0.000200323,0.00503176,1.676e-05,0.0137572,3.00062e-09,0.000666613,2.20823e-05,5.33805e-05,1.31126e-09,0.000268682,][0.048111,0.145889,0.000346874,0.00419701,0.673552,0.125108,4.00504e-05,0.0020173,0.000441872,6.40084e-08,0.000143005,2.64329e-05,1.34762e-05,1.23982e-08,0.000113737,][0.940288,0.00589361,6.14275e-06,0.038407,0.0004852,0.0043051,2.42221e-08,0.0102178,0.000297956,5.55275e-06,1.20812e-06,6.25589e-06,4.89221e-07,1.20268e-08,8.5166e-05,][0.0617096,0.0159414,2.25818e-07,0.00398814,0.000479746,0.739468,2.44041e-07,0.178368,2.86506e-05,4.09583e-07,6.92785e-06,1.30684e-06,5.5706e-07,3.09858e-08,7.1342e-06,][0.05619,0.0050308,2.79556e-08,0.000848124,0.000333655,0.888634,2.39117e-07,0.048955,5.1919e-06,3.57581e-08,1.37037e-06,9.49482e-07,2.73826e-07,9.11002e-09,5.28449e-07,][0.0189421,0.00508414,1.03637e-08,0.000899739,0.000564715,0.963271,8.44438e-08,0.0112322,4.01121e-06,2.25196e-08,6.80036e-07,8.3188e-07,3.57918e-08,5.96209e-09,4.25349e-07,][0.0476282,0.0186614,1.98604e-08,0.0011021,0.00050442,0.91953,8.66885e-08,0.0125628,7.37179e-06,7.26606e-09,1.32456e-06,1.911e-06,5.76127e-08,1.22589e-08,6.14201e-07,][0.0294985,0.0132275,2.04338e-08,0.0014589,0.000575328,0.940381,9.04264e-08,0.0148507,4.65857e-06,8.71141e-09,9.09139e-07,1.53776e-06,3.82941e-08,2.39323e-08,7.87553e-07,][0.0505988,0.0147499,1.11258e-08,0.00149766,0.000450034,0.918851,5.87296e-08,0.0138442,5.21348e-06,8.52344e-09,6.49949e-07,1.45846e-06,4.20801e-08,2.2154e-08,5.137e-07,][0.0506283,0.01419,1.10402e-08,0.00153358,0.000451458,0.918945,5.874e-08,0.0142432,5.44143e-06,8.71112e-09,6.3183e-07,1.51067e-06,4.09861e-08,2.25086e-08,5.30345e-07,][0.0425873,0.0161728,8.9566e-09,0.00225178,0.000774481,0.919036,9.15855e-08,0.0191675,6.47883e-06,1.09156e-08,8.71985e-07,1.93097e-06,5.47439e-08,2.63126e-08,6.84501e-07,][0.0362696,0.0182984,9.30854e-09,0.00213899,0.000827633,0.926127,1.13787e-07,0.0163291,5.34803e-06,7.03081e-09,6.01354e-07,1.96742e-06,3.35428e-08,2.54727e-08,5.96032e-07,][0.0783973,0.0242873,1.29315e-08,0.00335795,0.00148231,0.864354,2.41378e-07,0.0281085,7.59021e-06,1.15029e-08,1.142e-06,3.05133e-06,7.87667e-08,3.40559e-08,7.67179e-07,][0.0593757,0.0276329,1.89926e-08,0.0107357,0.00163457,0.864704,3.35649e-07,0.0358966,1.06315e-05,2.88361e-08,2.03958e-06,5.9574e-06,1.21821e-07,7.92257e-08,1.17978e-06,][0.210738,0.134213,6.08731e-07,0.018458,0.000217629,0.630094,1.05567e-07,0.00625202,9.93548e-07,1.02112e-07,1.4964e-05,3.36841e-06,6.30789e-07,3.10604e-08,5.73829e-06,][0.18237,0.0011888,1.1565e-07,0.00835264,0.000403284,0.794815,1.56842e-06,0.01285,5.17266e-06,4.11649e-08,3.3599e-06,8.87592e-06,4.46791e-07,7.16425e-08,6.77088e-07,][0.0981582,0.00398303,6.4602e-09,0.0398433,0.000721197,0.304999,1.32529e-06,0.552269,3.94544e-06,5.80777e-08,4.97472e-06,1.46753e-05,3.10243e-07,1.31198e-07,7.53781e-07,][0.0718657,0.00554969,1.88012e-08,0.0376232,0.000882844,0.709565,5.95722e-07,0.174497,3.47757e-06,1.33157e-07,3.40201e-06,7.29478e-06,2.25436e-07,3.42513e-07,5.35127e-07,][0.199,0.0963513,7.72914e-08,0.0571133,0.00579886,0.519874,4.70169e-06,0.121827,1.07874e-05,3.77705e-07,6.68275e-06,4.92388e-06,3.26638e-06,1.54015e-06,2.64871e-06,][0.774108,0.0184952,3.13248e-07,0.00533108,0.00335302,0.0922054,1.13208e-06,0.106485,7.9141e-06,2.03457e-07,2.00756e-06,1.12461e-06,6.87385e-06,4.5781e-07,2.5169e-06,][0.585804,0.0920827,6.03232e-07,0.00317939,0.000652941,0.207726,6.31407e-07,0.110508,6.69756e-06,2.00292e-06,1.84344e-06,3.71165e-06,7.70441e-06,1.55194e-07,2.37273e-05,][0.109343,0.0338651,0.000338121,0.00703568,0.00693629,0.548947,1.11946e-05,0.292395,0.00050138,4.90501e-06,0.000131559,5.98466e-05,4.73086e-05,5.4777e-06,0.000377564,][5.63634e-06,2.77576e-05,0.993567,3.93628e-07,0.00558348,1.05986e-06,3.23616e-06,1.17626e-06,0.000800367,4.64133e-09,3.96059e-06,1.38611e-08,1.22866e-07,4.4136e-06,1.27852e-06,][2.62146e-05,4.58123e-07,0.994852,1.7496e-07,0.000441449,3.43725e-06,0.00457886,3.18756e-08,8.48386e-05,6.35584e-09,1.00359e-05,9.66158e-07,1.35139e-08,3.79627e-07,5.8322e-07,][0.00302518,6.58701e-06,0.393908,2.42215e-07,0.589532,3.42562e-05,0.00872357,4.24142e-06,0.00425952,2.3455e-08,0.000434582,1.98008e-05,2.5196e-05,2.0505e-06,2.38431e-05,][4.71119e-05,2.19494e-07,0.32098,1.00552e-06,0.668964,1.54277e-05,0.000737489,1.69692e-06,0.00748856,1.31185e-08,0.00175387,6.86032e-07,3.58123e-07,1.13114e-07,9.04934e-06,][8.02684e-06,0.0001057,0.976426,5.26191e-07,0.00186661,2.11667e-05,0.0189768,3.42853e-06,0.00234853,1.93073e-08,0.000170467,8.48662e-06,9.09294e-08,7.85782e-07,6.3645e-05,][1.74559e-05,5.96119e-07,5.51475e-05,9.21011e-06,0.226474,0.0106026,0.760205,8.42755e-05,0.000439561,5.04579e-07,8.53733e-05,0.00201587,4.23965e-08,1.27662e-07,1.02994e-05,][3.67086e-07,7.03843e-08,1.05405e-08,1.06576e-05,0.990084,0.000194084,0.000636161,0.000640781,0.00792311,1.06628e-07,0.000402074,0.000106968,2.4345e-08,7.36851e-08,1.63129e-06,][0.000418276,0.000384419,2.05612e-06,0.004315,0.948456,5.4261e-06,2.15078e-08,0.0389232,0.00329704,0.000241068,0.00320074,1.55818e-07,0.000730362,1.95201e-08,2.64018e-05,][6.22674e-05,1.79517e-07,6.5413e-13,0.000721522,0.00162918,0.00110847,2.35458e-10,0.996471,1.61813e-06,4.7351e-06,8.84767e-07,1.92884e-08,1.7313e-07,2.01281e-09,1.44723e-07,][0.000147978,1.77226e-07,9.15247e-13,0.000806973,0.00329839,0.00493867,6.1265e-09,0.990765,8.08831e-06,2.17112e-05,1.2685e-05,6.48268e-08,5.0505e-07,8.93839e-09,4.18034e-08,][0.000114584,8.13115e-08,1.76979e-12,0.000933063,0.00813181,0.0055295,1.59793e-08,0.985247,1.59958e-05,1.42062e-05,1.31844e-05,1.4072e-07,1.96316e-07,5.65307e-09,2.80126e-08,][0.000227087,2.68101e-07,2.02021e-12,0.00266329,0.0161446,0.0255567,4.37475e-08,0.955377,1.36972e-05,5.44398e-06,1.14305e-05,6.9991e-07,4.60459e-08,8.86543e-09,3.87035e-08,][0.000143311,3.81059e-07,5.23164e-12,0.0078845,0.0527001,0.0758717,1.83492e-08,0.86333,3.18506e-05,4.27603e-06,3.21278e-05,1.3455e-06,1.44846e-07,3.10341e-08,8.05149e-08,][0.000168275,5.28338e-07,4.47969e-12,0.0065116,0.0417755,0.115341,2.61775e-08,0.836127,3.04499e-05,2.64615e-06,4.08324e-05,1.24994e-06,1.0627e-07,2.94755e-08,7.68133e-08,][0.000229194,4.45191e-07,2.83207e-12,0.00446574,0.030408,0.126623,3.44697e-08,0.838199,4.12108e-05,2.01466e-06,2.98076e-05,1.31739e-06,5.66277e-08,4.69876e-08,9.09943e-08,][0.000455817,6.02405e-07,5.072e-12,0.00493958,0.0138912,0.096101,4.96454e-08,0.884506,3.71908e-05,1.17167e-06,6.50536e-05,2.12152e-06,5.36287e-08,3.53509e-08,7.08598e-08,][0.000476067,6.61095e-07,4.48329e-12,0.00392904,0.0117798,0.0901436,5.06531e-08,0.893567,3.56135e-05,1.22676e-06,6.47443e-05,1.93671e-06,5.2619e-08,3.31681e-08,6.53818e-08,][0.000843932,1.34339e-06,4.47728e-12,0.00413998,0.0130765,0.0783136,5.76013e-08,0.903524,3.29719e-05,1.3981e-06,6.40167e-05,1.89837e-06,8.78087e-08,4.2636e-08,1.07386e-07,][0.000575021,1.86583e-06,2.84214e-12,0.00159033,0.0316518,0.258341,9.2825e-08,0.707698,0.000106019,9.12087e-07,3.09522e-05,4.13513e-06,5.48384e-08,4.02249e-08,2.09126e-07,][0.00031019,1.6715e-06,6.82532e-13,0.000188609,0.00843082,0.190347,1.82648e-08,0.800703,7.75933e-06,5.64676e-07,9.40647e-06,7.06766e-07,2.89694e-08,5.86742e-09,3.76719e-08,][0.000524826,1.86003e-06,2.77969e-11,0.000118922,0.0356815,0.447348,8.71597e-08,0.516221,9.62302e-05,2.47348e-06,4.75871e-06,1.76472e-07,2.0224e-07,5.72158e-08,8.93438e-08,][0.000337913,3.05741e-06,8.40827e-10,0.000770103,0.0503018,0.856279,1.51569e-05,0.0906775,0.000778095,3.0173e-06,0.000832131,8.6337e-08,1.02625e-09,7.8024e-07,1.5246e-06,][1.20838e-05,5.47512e-08,2.15919e-06,4.09092e-07,0.976929,6.97022e-05,7.13111e-06,9.22105e-05,0.0228618,8.83161e-09,1.87985e-05,1.15316e-08,1.99112e-09,6.41187e-06,2.62483e-08,][0.000113999,1.83679e-07,5.23636e-05,4.85678e-07,0.996529,0.000280571,0.000405088,0.000108846,0.00247016,3.26247e-09,2.82133e-05,4.7134e-07,2.44063e-08,1.05791e-05,1.57193e-07,][0.000123997,1.9e-06,0.524281,7.52067e-06,0.384416,0.000371573,0.0846749,3.23154e-06,0.0039125,1.309e-08,0.00204214,7.71764e-06,1.74566e-08,0.00015015,7.14323e-06,][0.000102498,9.44955e-06,0.778611,3.82159e-06,0.219803,5.26828e-07,0.000951869,7.71872e-07,0.000332832,2.64643e-08,0.000154445,1.01417e-06,8.50985e-08,2.00574e-05,8.64721e-06,][5.99276e-06,4.2941e-07,0.989117,1.75924e-07,0.0108125,2.52939e-09,1.92246e-05,1.47461e-08,3.86777e-05,8.74385e-10,1.93033e-06,3.85178e-08,4.89688e-09,3.79747e-06,1.93441e-07,][0.517961,0.00199222,0.382746,0.0069339,0.0841182,0.00274576,0.000190771,0.00062594,0.000715962,2.14932e-08,0.00192548,5.13515e-07,6.18281e-07,3.83913e-05,4.75799e-06,][0.614467,0.0523771,4.15391e-06,0.00181914,0.000577712,0.321706,6.04133e-07,0.00896893,4.67795e-06,2.75372e-08,3.10699e-05,3.253e-06,9.75411e-07,1.35171e-07,3.95971e-05,][0.452906,0.124768,4.72351e-06,0.0045021,0.000169127,0.414607,1.70591e-06,0.0029895,1.86384e-05,5.73872e-09,3.33269e-06,9.51967e-06,6.39903e-08,6.0104e-08,2.08358e-05,][0.656388,0.329595,6.48234e-07,0.00183034,5.7118e-05,0.0115031,2.1219e-07,0.00061267,6.54279e-06,1.68766e-09,2.0443e-06,1.24136e-06,1.94244e-07,9.28068e-09,2.79558e-06,][0.290981,0.694785,5.31724e-07,0.000313786,3.19071e-05,0.013227,4.86074e-08,0.000650884,6.07338e-06,6.20238e-10,7.8942e-07,6.56233e-07,5.06586e-08,6.48306e-09,2.64577e-06,][0.756748,0.240679,1.13178e-07,2.39233e-05,6.88747e-06,0.00237272,4.45184e-09,0.000165652,2.23808e-06,1.37887e-10,1.39098e-07,9.5398e-08,2.22473e-08,2.34117e-09,8.81621e-07,][0.782169,0.202975,6.51491e-08,0.000107121,1.75782e-05,0.0139715,1.79735e-08,0.000752745,4.32542e-06,3.41864e-10,4.89237e-08,5.00996e-07,1.525e-08,4.6107e-09,1.92723e-06,][0.902221,0.0757602,4.27294e-08,0.000199234,6.55687e-05,0.0197917,3.59952e-08,0.00195186,2.4272e-06,1.98541e-10,8.03658e-08,5.69842e-06,1.06827e-08,1.03872e-08,1.8428e-06,][0.873474,0.0175907,4.73391e-08,0.00015883,6.1339e-05,0.103531,2.81488e-08,0.00517514,4.11545e-06,1.65757e-09,3.61625e-08,4.02752e-06,8.81423e-09,5.20694e-09,8.42331e-07,][0.90801,0.0196803,1.04359e-08,0.00041021,0.000462444,0.0691196,1.79849e-07,0.00231325,2.00129e-06,8.88278e-11,8.60084e-08,1.60299e-06,2.06344e-09,6.65146e-09,4.92203e-07,][0.310334,0.279537,4.41791e-08,0.00305546,0.000624052,0.402263,1.52965e-06,0.0041768,2.76544e-06,9.34739e-11,6.79803e-08,2.3308e-06,1.88223e-08,2.78088e-08,3.01619e-06,][0.0888217,0.204941,1.76063e-07,0.00703981,0.000147159,0.69066,1.92685e-07,0.0083818,6.44389e-07,6.49407e-11,4.03616e-07,3.6542e-06,1.79812e-08,2.99854e-08,4.38776e-06,][0.532341,0.241926,2.66538e-07,0.00181158,0.000269822,0.219529,4.9254e-07,0.00410788,3.3252e-06,3.45175e-10,1.48198e-07,4.71913e-06,7.85943e-08,2.0768e-08,4.81093e-06,][0.700117,0.261377,5.04453e-07,0.000670974,0.000126499,0.0368173,7.8093e-08,0.000880707,1.48795e-06,4.15054e-10,1.74875e-07,2.04149e-06,4.89082e-08,1.06285e-08,5.5672e-06,][0.737112,0.251459,8.56993e-07,0.000516436,6.79872e-05,0.0105891,4.93232e-08,0.000247017,2.08779e-06,3.59614e-10,2.35505e-07,1.93656e-06,9.55446e-08,1.72802e-08,3.83503e-06,][0.775796,0.218303,1.12533e-06,0.000192898,9.00324e-05,0.00549309,2.6392e-08,0.000117239,3.5663e-06,5.60264e-10,1.31202e-07,7.28403e-07,6.30143e-08,1.15913e-08,2.23396e-06,]]